208, -173, 2 
-94, 119, 1 
-92, 116, 1 
-110, 116, 1 
-84, 115, 1 
-79, 110, 1 
213, -166, 2 
-93, 123, 1 
206, -176, 2 
190, 214, 0 
-110, 100, 1 
-119, 123, 1 
-115, 93, 1 
188, 218, 0 
-78, 121, 1 
200, -126, 2 
-100, 97, 1 
-91, 86, 1 
-84, 118, 1 
184, 227, 0 
204, -169, 2 
-81, 108, 1 
-97, 121, 1 
211, -156, 2 
218, -141, 2 
-119, 103, 1 
171, 221, 0 
177, 235, 0 
-81, 109, 1 
220, -164, 2 
215, -152, 2 
-97, 107, 1 
196, 225, 0 
-94, 105, 1 
206, -148, 2 
-75, 97, 1 
211, -185, 2 
-108, 116, 1 
-95, 104, 1 
-112, 103, 1 
-80, 113, 1 
217, -158, 2 
214, -139, 2 
205, -139, 2 
179, 221, 0 
165, 224, 0 
-132, 119, 1 
218, -176, 2 
191, 205, 0 
-163, 198, 0 
-106, 112, 1 
217, -149, 2 
188, 223, 0 
-87, 92, 1 
205, -177, 2 
186, 229, 0 
203, -163, 2 
168, 215, 0 
-93, 88, 1 
156, 118, 1 
-121, 101, 1 
209, -163, 2 
185, 224, 0 
167, 209, 0 
190, 223, 0 
-121, 115, 1 
205, -140, 2 
-83, 108, 1 
214, -154, 2 
-98, 112, 1 
-103, 115, 1 
-114, 109, 1 
-95, 247, 1 
182, 213, 0 
217, -145, 2 
-96, 115, 1 
-95, 127, 1 
297, -147, 2 
169, 110, 0 
215, -156, 2 
209, -134, 2 
-112, 98, 1 
-112, 92, 1 
-120, 100, 1 
216, -153, 2 
-109, 95, 1 
-107, 119, 1 
170, 211, 0 
195, 205, 0 
207, -163, 2 
198, -147, 2 
-130, 99, 1 
172, 221, 0 
183, 224, 0 
-129, 93, 1 
189, 222, 0 
204, -171, 2 
-124, 102, 1 
217, -172, 2 
210, -154, 2 
216, -145, 2 
-118, 111, 1 
201, -142, 2 
217, -157, 2 
208, -127, 2 
212, -158, 2 
-85, 121, 1 
175, 223, 0 
205, 219, 0 
215, -126, 2 
205, 236, 0 
187, 223, 0 
205, -162, 2 
216, -178, 2 
-96, 107, 1 
183, 215, 0 
212, -145, 2 
163, 216, 0 
209, -117, 2 
-81, 106, 1 
208, -175, 2 
198, 224, 0 
190, 222, 0 
182, 208, 0 
210, -149, 2 
184, 220, 0 
-86, 92, 1 
-97, -299, 1 
-98, 106, 1 
219, -165, 2 
-120, 100, 1 
-89, 112, 1 
213, -174, 2 
201, -157, 2 
-91, 90, 1 
208, -149, 2 
210, -159, 2 
-73, 110, 1 
183, 212, 0 
-127, 112, 1 
214, -121, 2 
167, 224, 0 
157, 230, 0 
-89, 106, 1 
-77, 113, 1 
213, -165, 2 
207, -142, 2 
215, -141, 2 
200, -136, 2 
181, 244, 0 
-102, 120, 1 
190, 220, 0 
-83, 124, 1 
-109, 109, 1 
212, -124, 2 
184, 216, 0 
189, 230, 0 
-80, 99, 1 
214, -171, 2 
-122, 110, 1 
-75, 105, 1 
-125, 102, 1 
220, -150, 2 
174, 227, 0 
-126, 116, 1 
210, -155, 2 
-130, 109, 1 
166, 218, 0 
-123, 124, 1 
201, -130, 2 
183, 233, 0 
212, -129, 2 
-91, 119, 1 
-102, 108, 1 
205, -135, 2 
206, -153, 2 
207, -144, 2 
177, 216, 0 
208, -123, 2 
-94, 109, 1 
-122, 111, 1 
206, -141, 2 
-94, 103, 1 
-74, 113, 1 
210, -146, 2 
215, -160, 2 
198, 226, 0 
-97, 115, 1 
-101, 114, 1 
-100, 104, 1 
-83, 115, 1 
202, -163, 2 
-91, 113, 1 
178, 214, 0 
-96, 125, 1 
215, -139, 2 
-83, 99, 1 
191, 230, 0 
214, -133, 2 
213, -160, 2 
-101, 112, 1 
169, 216, 0 
203, 217, 0 
179, 207, 0 
210, -160, 2 
-91, 113, 1 
181, 214, 0 
177, 227, 0 
216, -155, 2 
207, -175, 2 
185, 231, 0 
201, -128, 2 
194, 221, 0 
210, -175, 2 
-104, 120, 1 
211, -169, 2 
-80, 111, 1 
180, 227, 0 
-104, 110, 1 
175, 216, 0 
-98, 112, 1 
212, -141, 2 
223, -164, 2 
210, -170, 2 
-89, 109, 1 
-123, 109, 1 
-97, 120, 1 
196, 203, 0 
207, -152, 2 
210, -146, 2 
207, -123, 2 
-107, 134, 1 
-120, 116, 1 
-84, 85, 1 
223, -132, 2 
215, -195, 2 
207, -140, 2 
181, 224, 0 
207, -176, 2 
-114, 127, 1 
202, -178, 2 
169, 196, 0 
169, 208, 0 
-66, 119, 1 
-92, 123, 1 
-95, 113, 1 
-70, 117, 1 
202, -140, 2 
193, 218, 0 
219, -156, 2 
-75, 95, 1 
215, -184, 2 
213, -181, 2 
166, 232, 0 
-112, 112, 1 
179, 224, 0 
-97, 100, 1 
-88, 218, 0 
197, 213, 0 
182, 213, 0 
171, 218, 0 
174, 102, 0 
-117, 109, 1 
-98, 104, 1 
178, 212, 0 
-90, 111, 1 
204, -153, 2 
-119, 111, 1 
-97, 105, 1 
191, 229, 0 
207, -154, 2 
201, -118, 2 
-119, 116, 1 
177, 214, 0 
210, -182, 2 
-108, 116, 1 
181, 215, 0 
214, -135, 2 
212, -180, 2 
192, 216, 0 
207, -128, 2 
164, 231, 0 
-111, 99, 1 
-77, 114, 1 
180, 215, 0 
-99, 101, 1 
156, 223, 0 
211, -129, 2 
175, 219, 0 
-78, 115, 1 
191, 217, 0 
207, -177, 2 
189, 212, 0 
206, -140, 2 
207, -167, 2 
-83, 16, 1 
-104, 95, 1 
181, 231, 0 
-125, 127, 1 
-98, 117, 1 
-97, 121, 1 
205, -196, 2 
-234, 125, 1 
-114, 118, 1 
183, 208, 0 
212, -184, 2 
169, 214, 0 
196, 213, 0 
-118, 115, 1 
-112, 105, 1 
205, -199, 2 
192, 219, 0 
210, -148, 2 
207, -172, 2 
-100, 108, 1 
206, -173, 2 
48, 226, 0 
217, -118, 2 
207, -146, 2 
217, -114, 2 
177, 210, 0 
180, 221, 0 
208, -140, 2 
208, 211, 0 
211, -152, 2 
157, 212, 0 
-82, 101, 1 
205, -158, 2 
-119, 126, 1 
-94, 93, 1 
-116, 106, 1 
207, -194, 2 
185, 222, 0 
-127, 113, 1 
170, 225, 0 
-106, 111, 1 
209, -142, 2 
217, -133, 2 
188, 219, 0 
209, -177, 2 
-119, 108, 1 
207, -123, 2 
188, 224, 0 
209, -144, 2 
-114, 97, 1 
-116, 97, 1 
-77, 104, 1 
-100, 106, 1 
-111, 116, 1 
-76, 111, 1 
-98, 89, 1 
-96, 120, 1 
219, -164, 2 
-83, 113, 1 
190, 220, 0 
-106, 110, 1 
186, 212, 0 
205, -109, 2 
175, 215, 0 
167, 206, 0 
167, 212, 0 
213, -125, 2 
210, -173, 2 
216, -144, 2 
187, 230, 0 
182, 235, 0 
175, 224, 0 
-85, 95, 1 
-126, 109, 1 
176, 222, 0 
208, -163, 2 
214, -139, 2 
-112, 133, 1 
173, 220, 0 
215, -131, 2 
195, 208, 0 
173, 221, 0 
-69, 110, 1 
196, -167, 2 
189, 230, 0 
-89, 109, 1 
-136, 97, 1 
-98, 104, 1 
206, -138, 2 
212, -151, 2 
186, 217, 0 
179, 219, 0 
-102, 119, 1 
-79, 108, 1 
186, 211, 0 
-81, 107, 1 
213, -133, 2 
211, -138, 2 
-74, 106, 1 
-104, 116, 1 
181, 221, 0 
-102, 119, 1 
184, 220, 0 
-106, 102, 1 
-94, 117, 1 
174, 215, 0 
193, -142, 2 
218, -150, 2 
-107, 118, 1 
178, 211, 0 
-101, 126, 1 
-84, 109, 1 
209, -168, 2 
173, 207, 0 
-85, 107, 1 
211, -143, 2 
175, 235, 0 
215, -145, 2 
209, -120, 2 
209, -160, 2 
174, 225, 0 
210, -142, 2 
201, -193, 2 
-91, 99, 1 
199, 224, 0 
211, -150, 2 
-89, 110, 1 
175, 223, 0 
-101, 103, 1 
213, -153, 2 
165, 211, 0 
207, -142, 2 
212, -135, 2 
208, -161, 2 
-105, 102, 1 
-89, 116, 1 
-86, 112, 1 
204, -160, 2 
186, 217, 0 
201, 209, 0 
207, -152, 2 
-80, 137, 1 
-107, 118, 1 
212, -185, 2 
-101, -152, 2 
-118, 102, 1 
-89, 102, 1 
-80, 120, 1 
-95, 107, 1 
204, -134, 2 
-120, 106, 1 
214, -157, 2 
181, 214, 0 
218, -160, 2 
215, -166, 2 
182, 215, 0 
-92, 115, 1 
214, -165, 2 
181, 217, 0 
206, -156, 2 
-106, 107, 1 
-81, 103, 1 
217, -148, 2 
179, 217, 0 
179, 201, 0 
165, 217, 0 
-90, 109, 1 
190, 215, 0 
-114, 111, 1 
187, 232, 0 
162, 235, 0 
-90, 110, 1 
212, -136, 2 
187, 214, 0 
184, 229, 0 
-94, 113, 1 
213, -155, 2 
205, -203, 2 
181, 219, 0 
-98, 97, 1 
-100, 110, 1 
211, -131, 2 
171, 209, 0 
-48, 120, 1 
-95, 120, 1 
189, 238, 0 
163, 198, 0 
197, 221, 0 
-90, 120, 1 
-106, 100, 1 
177, 212, 0 
176, 213, 0 
-115, 101, 1 
205, -138, 2 
209, -126, 2 
172, 234, 0 
-109, 120, 1 
-107, 108, 1 
207, -146, 2 
206, -196, 2 
214, -147, 2 
212, -123, 2 
218, -158, 2 
-109, 107, 1 
186, 208, 0 
-98, 108, 1 
193, 206, 0 
-108, 106, 1 
-108, 113, 1 
-102, 90, 1 
199, 214, 0 
214, -164, 2 
208, -151, 2 
207, 272, 0 
184, 220, 0 
205, -121, 2 
-92, 99, 1 
-21, -103, 2 
206, -134, 2 
184, 230, 0 
192, 220, 0 
210, -182, 2 
217, -141, 2 
211, -128, 2 
-121, 113, 1 
167, 223, 0 
-110, 108, 1 
221, -151, 2 
-116, 87, 1 
-109, 113, 1 
197, 227, 0 
-107, 89, 1 
177, 228, 0 
182, 228, 0 
205, -178, 2 
-139, 119, 1 
204, -157, 2 
188, 217, 0 
204, 212, 0 
-96, 103, 1 
211, -169, 2 
-86, 92, 1 
175, 218, 0 
215, -129, 2 
188, 228, 0 
-89, 109, 1 
209, -121, 2 
212, -129, 2 
217, -156, 2 
-109, 132, 1 
100, 236, 0 
176, 207, 0 
176, 204, 0 
210, -142, 2 
209, -135, 2 
180, 204, 0 
-96, 109, 1 
182, 202, 0 
210, -149, 2 
-111, 102, 1 
167, 225, 0 
205, -143, 2 
-103, 98, 1 
-83, 111, 1 
177, 225, 0 
191, 240, 0 
198, -162, 2 
185, 220, 0 
177, 226, 0 
-102, 104, 1 
211, -116, 2 
211, -138, 2 
213, -136, 2 
-118, 112, 1 
189, 219, 0 
-105, 108, 1 
215, -154, 2 
-99, 113, 1 
200, -161, 2 
-98, 106, 1 
191, 220, 0 
217, -162, 2 
190, 203, 0 
219, -185, 2 
-90, 124, 1 
-112, 114, 1 
178, 217, 0 
191, 226, 0 
212, -175, 2 
213, -134, 2 
183, 224, 0 
-124, 115, 1 
209, -120, 2 
165, 235, 0 
-110, 104, 1 
-106, 106, 1 
-106, 80, 1 
190, 221, 0 
167, 230, 0 
205, -136, 2 
210, -157, 2 
182, 211, 0 
208, -168, 2 
217, -120, 2 
191, 218, 0 
219, -150, 2 
-91, 117, 1 
194, 223, 0 
-89, 123, 1 
-93, 97, 1 
-119, 124, 1 
188, 200, 0 
203, -159, 2 
192, 215, 0 
213, -173, 2 
-88, 104, 1 
-105, 121, 1 
-99, 106, 1 
208, -157, 2 
197, 241, 0 
211, -156, 2 
164, 219, 0 
203, -165, 2 
-89, 96, 1 
-72, 115, 1 
213, -149, 2 
-143, 109, 1 
207, -149, 2 
-113, 105, 1 
191, 230, 0 
212, -113, 2 
-89, 112, 1 
204, -173, 2 
207, -161, 2 
210, -156, 2 
174, 210, 0 
205, -177, 2 
211, 235, 0 
-85, 123, 1 
211, -148, 2 
-79, 117, 1 
-98, 121, 1 
176, 225, 0 
215, -121, 2 
204, -144, 2 
-32, -163, 2 
-99, 111, 1 
-93, 102, 1 
-94, 111, 1 
202, -161, 2 
-124, 101, 1 
172, 209, 0 
-94, 100, 1 
164, 211, 0 
171, 218, 0 
-107, 93, 1 
-129, 111, 1 
182, 208, 0 
-103, 103, 1 
208, -169, 2 
184, 232, 0 
207, -155, 2 
-112, 112, 1 
-6, -197, 2 
-76, 105, 1 
171, 200, 0 
165, 222, 0 
211, -143, 2 
-129, 115, 1 
-77, 106, 1 
178, 211, 0 
-90, 112, 1 
183, 216, 0 
-94, 107, 1 
-99, 112, 1 
-104, 130, 1 
-32, 115, 1 
213, -139, 2 
204, 223, 0 
210, -179, 2 
-95, 106, 1 
211, -130, 2 
-90, 116, 1 
189, 217, 0 
213, -118, 2 
183, 222, 0 
212, -136, 2 
171, 226, 0 
-111, 103, 1 
189, 226, 0 
-75, 123, 1 
-103, 114, 1 
-113, 105, 1 
-103, 109, 1 
209, -117, 2 
208, -128, 2 
203, -143, 2 
197, 215, 0 
204, -183, 2 
198, 219, 0 
163, 216, 0 
214, -149, 2 
-85, 129, 1 
-79, 116, 1 
188, 218, 0 
-86, 127, 1 
-102, 109, 1 
213, -169, 2 
178, 195, 0 
164, 227, 0 
214, -147, 2 
167, 231, 0 
210, -124, 2 
211, -125, 2 
187, 227, 0 
-121, 114, 1 
-91, 105, 1 
208, -142, 2 
-113, 104, 1 
189, 212, 0 
-98, 119, 1 
-77, 107, 1 
-99, 138, 1 
-119, 129, 1 
-95, 115, 1 
179, 220, 0 
210, -147, 2 
212, -67, 2 
180, 213, 0 
213, -160, 2 
-125, 130, 1 
-113, 101, 1 
209, -107, 2 
179, 218, 0 
206, -120, 2 
-97, 139, 1 
-100, 121, 1 
209, -158, 2 
218, -125, 2 
175, 212, 0 
187, 219, 0 
-127, 93, 1 
218, -147, 2 
220, -127, 2 
-118, 105, 1 
-79, 115, 1 
175, 221, 0 
168, 206, 0 
207, -135, 2 
-103, 110, 1 
-105, 116, 1 
208, -141, 2 
168, 200, 0 
202, -138, 2 
180, 234, 0 
188, 202, 0 
-107, 103, 1 
187, 226, 0 
184, 224, 0 
201, -159, 2 
208, -120, 2 
203, -142, 2 
-106, 127, 1 
210, -160, 2 
-105, 82, 1 
163, 228, 0 
-92, 104, 1 
-96, 105, 1 
-97, 105, 1 
212, -146, 2 
211, -129, 2 
215, -157, 2 
208, 233, 0 
200, -126, 2 
-92, 121, 1 
201, -126, 2 
170, 202, 0 
209, -170, 2 
-92, 117, 1 
214, -164, 2 
183, 221, 0 
207, -145, 2 
-119, 115, 1 
210, -109, 2 
182, 224, 0 
190, 205, 0 
210, -145, 2 
208, -110, 2 
176, 218, 0 
-90, 103, 1 
188, 206, 0 
221, -157, 2 
178, 220, 0 
182, 212, 0 
200, 229, 0 
209, -146, 2 
-102, 111, 1 
213, -141, 2 
183, 218, 0 
-88, 115, 1 
181, 224, 0 
193, 223, 0 
182, 213, 0 
213, -168, 2 
-120, 100, 1 
-119, 91, 1 
197, 207, 0 
203, 203, 0 
-88, 141, 1 
170, 221, 0 
193, 220, 0 
190, 220, 0 
-96, 118, 1 
-110, 99, 1 
-104, 109, 1 
179, 223, 0 
209, -144, 2 
-100, 122, 1 
179, 221, 0 
-90, 107, 1 
-86, 98, 1 
168, 221, 0 
-144, 104, 1 
205, -164, 2 
-98, 95, 1 
-88, 102, 1 
54, -161, 2 
170, 208, 0 
185, 240, 0 
-97, 103, 1 
193, -164, 2 
-127, 95, 1 
-109, 102, 1 
-112, 106, 1 
209, -164, 2 
211, -133, 2 
201, -165, 2 
-110, 132, 1 
-91, 122, 1 
213, -130, 2 
172, 239, 0 
182, 223, 0 
-89, 126, 1 
-74, 97, 1 
181, 222, 0 
-113, 108, 1 
-94, 128, 1 
178, 232, 0 
180, 220, 0 
210, -134, 2 
211, -126, 2 
204, -178, 2 
165, 247, 0 
204, -148, 2 
211, -135, 2 
167, 230, 0 
193, 227, 0 
186, 224, 0 
-119, 107, 1 
173, 206, 0 
206, -151, 2 
211, -130, 2 
-118, 123, 1 
-113, 99, 1 
-106, 115, 1 
-111, 101, 1 
179, 206, 0 
217, -140, 2 
-104, 96, 1 
205, -143, 2 
145, 225, 0 
-113, 109, 1 
-73, 97, 1 
212, -179, 2 
206, -138, 2 
215, -151, 2 
169, 218, 0 
-84, 97, 1 
215, -130, 2 
-82, 122, 1 
177, 223, 0 
183, 235, 0 
-113, -62, 1 
-118, 107, 1 
189, 212, 0 
-71, 100, 1 
-102, 106, 1 
-92, 123, 1 
186, 223, 0 
-108, 102, 1 
172, 208, 0 
-77, 114, 1 
163, 223, 0 
-114, 104, 1 
181, 202, 0 
210, -135, 2 
-118, 102, 1 
-112, 101, 1 
-111, 124, 1 
214, -174, 2 
216, -135, 2 
197, 217, 0 
202, -103, 2 
201, 220, 0 
-116, 118, 1 
-89, 118, 1 
213, -133, 2 
180, 225, 0 
174, 225, 0 
184, 228, 0 
173, 229, 0 
211, -122, 2 
213, -139, 2 
194, 215, 0 
187, 237, 0 
-101, 121, 1 
-106, 107, 1 
-98, 117, 1 
178, 219, 0 
203, -145, 2 
220, -171, 2 
214, -158, 2 
-85, -168, 2 
-89, 113, 1 
-115, 99, 1 
-104, 116, 1 
184, 234, 0 
214, -139, 2 
211, 170, 2 
-90, 114, 1 
201, -156, 2 
-86, 101, 1 
-101, 104, 1 
-106, 99, 1 
213, -111, 2 
-93, 130, 1 
207, -188, 2 
208, -131, 2 
210, -138, 2 
-93, 109, 1 
185, 228, 0 
216, -144, 2 
166, 223, 0 
208, -150, 2 
184, 207, 0 
174, 220, 0 
212, -130, 2 
179, 205, 0 
214, -172, 2 
165, 221, 0 
209, -144, 2 
172, 228, 0 
211, -134, 2 
208, -148, 2 
202, -165, 2 
-97, 110, 1 
167, 231, 0 
215, -157, 2 
170, 229, 0 
209, -137, 2 
188, 216, 0 
201, -131, 2 
189, 221, 0 
166, 195, 0 
-124, 112, 1 
-97, 139, 1 
183, 232, 0 
-73, 130, 1 
-108, 113, 1 
205, -134, 2 
-98, 108, 1 
-106, 105, 1 
-99, 127, 1 
-112, 108, 1 
-99, 118, 1 
-104, 110, 1 
181, 219, 0 
182, 217, 0 
181, 228, 0 
-89, 105, 1 
-104, 103, 1 
-95, 109, 1 
203, -174, 2 
-89, 110, 1 
208, -115, 2 
208, -183, 2 
-83, 95, 1 
184, 222, 0 
213, -141, 2 
173, 225, 0 
190, 210, 0 
203, -136, 2 
184, 207, 0 
-103, 101, 1 
167, 215, 0 
173, 205, 0 
176, 242, 0 
212, -178, 2 
214, -136, 2 
187, 232, 0 
173, 220, 0 
209, -135, 2 
-114, 122, 1 
212, -149, 2 
180, 215, 0 
-96, 100, 1 
173, 206, 0 
217, -137, 2 
178, 234, 0 
-80, 100, 1 
211, -143, 2 
195, 207, 0 
208, -153, 2 
183, 199, 0 
207, -185, 2 
157, 108, 1 
178, 95, 0 
202, -111, 2 
160, 231, 0 
188, 225, 0 
163, 228, 0 
-104, 106, 1 
-123, 128, 1 
-106, 118, 1 
189, 210, 0 
-78, 119, 1 
205, -119, 2 
213, -128, 2 
48, 224, 0 
215, -137, 2 
207, -174, 2 
-113, 101, 1 
167, 197, 0 
205, -122, 2 
178, 227, 0 
-95, 118, 1 
165, 224, 0 
173, 237, 0 
-115, 122, 1 
169, 230, 0 
184, 223, 0 
170, 218, 0 
211, -140, 2 
-101, 102, 1 
-91, 105, 1 
-77, 104, 1 
212, -149, 2 
197, 202, 0 
-92, 129, 1 
179, 213, 0 
-106, 104, 1 
188, 201, 0 
207, -173, 2 
211, -166, 2 
174, 228, 0 
-14, -151, 2 
213, -165, 2 
-85, 90, 1 
-94, 96, 1 
217, -136, 2 
186, 221, 0 
193, 237, 0 
209, -135, 2 
-80, 103, 1 
176, 227, 0 
175, 237, 0 
168, 213, 0 
210, -166, 2 
-99, 125, 1 
178, 225, 0 
-117, 142, 1 
161, 229, 0 
212, -131, 2 
-106, 109, 1 
-267, 213, 0 
184, 206, 0 
204, -143, 2 
210, -176, 2 
205, -168, 2 
211, -142, 2 
-82, 108, 1 
164, 218, 0 
177, 215, 0 
171, 227, 0 
176, 227, 0 
207, -142, 2 
-117, 86, 1 
167, 215, 0 
-86, 111, 1 
172, 230, 0 
210, -141, 2 
216, -103, 2 
210, -118, 2 
-71, 110, 1 
-98, 105, 1 
180, 226, 0 
167, 219, 0 
-74, 91, 1 
-86, 93, 1 
171, 205, 0 
193, 248, 0 
-93, 118, 1 
217, -149, 2 
-110, 100, 1 
209, -134, 2 
-98, 262, 1 
211, -186, 2 
-126, 128, 1 
212, -136, 2 
-99, 117, 1 
-98, 118, 1 
213, -192, 2 
-116, 128, 1 
212, -158, 2 
-132, 106, 1 
173, 231, 0 
-89, 115, 1 
206, -163, 2 
204, 221, 0 
-148, 91, 1 
221, -166, 2 
172, 232, 0 
198, 226, 0 
211, -127, 2 
290, 115, 1 
207, -149, 2 
174, 226, 0 
201, -163, 2 
217, -171, 2 
205, -136, 2 
204, -176, 2 
-93, 124, 1 
212, -130, 2 
-129, 115, 1 
217, -134, 2 
-86, 105, 1 
-76, 94, 1 
213, -133, 2 
-93, 115, 1 
174, 203, 0 
172, 226, 0 
-110, 136, 1 
166, 201, 0 
-89, 101, 1 
-93, 102, 1 
167, 223, 0 
-79, 122, 1 
180, 208, 0 
-136, 118, 1 
-113, 123, 1 
170, 218, 0 
-113, 102, 1 
-87, 100, 1 
-63, 103, 1 
-31, -152, 2 
-144, 114, 1 
191, 229, 0 
191, -125, 2 
202, -146, 2 
-126, 93, 1 
211, -183, 2 
214, -167, 2 
175, 230, 0 
211, -154, 2 
-94, 116, 1 
-104, 109, 1 
196, 225, 0 
173, 219, 0 
205, -143, 2 
209, -170, 2 
-86, 103, 1 
-98, 119, 1 
182, 220, 0 
171, 233, 0 
-93, 90, 1 
-101, 115, 1 
181, 218, 0 
218, -173, 2 
207, -134, 2 
197, 217, 0 
270, 123, 1 
-125, 113, 1 
218, -138, 2 
210, -118, 2 
211, -164, 2 
208, -140, 2 
-59, 114, 1 
-74, 96, 1 
-66, 108, 1 
-91, 115, 1 
187, 223, 0 
178, 225, 0 
173, 217, 0 
163, 221, 0 
-112, 109, 1 
-102, 107, 1 
182, 222, 0 
-112, 114, 1 
215, -121, 2 
-93, 101, 1 
207, -145, 2 
-103, 124, 1 
202, 240, 0 
215, -159, 2 
188, 225, 0 
164, 201, 0 
182, 216, 0 
171, 219, 0 
192, 229, 0 
180, 208, 0 
207, -181, 2 
175, 234, 0 
201, -157, 2 
216, -134, 2 
212, -149, 2 
179, 223, 0 
186, 230, 0 
206, -123, 2 
175, 217, 0 
209, -143, 2 
-107, 112, 1 
181, 216, 0 
211, -151, 2 
177, 224, 0 
-77, 115, 1 
175, 219, 0 
183, 202, 0 
175, 237, 0 
210, -168, 2 
-108, 140, 1 
186, 237, 0 
212, -148, 2 
184, 210, 0 
174, 219, 0 
178, 226, 0 
211, -149, 2 
-91, 107, 1 
-71, 100, 1 
-118, 117, 1 
-111, 111, 1 
-79, 103, 1 
182, 229, 0 
169, 224, 0 
174, 193, 0 
-120, 95, 1 
-116, 119, 1 
191, 222, 0 
177, 221, 0 
161, 219, 0 
-106, 289, 1 
-107, 89, 1 
-119, 97, 1 
204, -130, 2 
174, 235, 0 
169, 222, 0 
-95, 107, 1 
-117, 114, 1 
219, -140, 2 
-115, 123, 1 
190, 234, 0 
219, -156, 2 
194, 235, 0 
-99, 110, 1 
-90, 91, 1 
212, -202, 2 
177, 229, 0 
-115, 112, 1 
-116, 118, 1 
211, -161, 2 
204, -171, 2 
208, -142, 2 
211, -148, 2 
-120, 106, 1 
211, -127, 2 
212, -122, 2 
190, 211, 0 
209, -152, 2 
188, 223, 0 
170, 225, 0 
187, 232, 0 
187, 215, 0 
166, 246, 0 
181, 221, 0 
188, 244, 0 
185, 225, 0 
207, -159, 2 
208, -152, 2 
-86, 102, 1 
-114, 116, 1 
187, 224, 0 
179, 208, 0 
-98, 115, 1 
-93, 107, 1 
215, -175, 2 
-92, 124, 1 
-112, 107, 1 
197, 249, 0 
214, -150, 2 
216, -150, 2 
160, 223, 0 
208, -138, 2 
-89, 110, 1 
214, -114, 2 
-88, 117, 1 
-99, 97, 1 
179, 244, 0 
-119, 103, 1 
150, 221, 0 
-40, 217, 0 
-101, 107, 1 
183, 230, 0 
208, -163, 2 
213, -154, 2 
211, -132, 2 
187, 196, 0 
201, 215, 0 
-94, 105, 1 
-93, 100, 1 
172, 222, 0 
-104, 109, 1 
-104, 106, 1 
213, -170, 2 
213, -172, 2 
202, -132, 2 
176, 220, 0 
162, 206, 0 
205, -160, 2 
208, -146, 2 
185, 215, 0 
-96, 124, 1 
219, -145, 2 
-98, 100, 1 
-95, 116, 1 
-83, 99, 1 
162, 227, 0 
220, -194, 2 
185, 224, 0 
-99, 106, 1 
-97, 130, 1 
209, -137, 2 
216, -151, 2 
162, 201, 0 
184, 206, 0 
186, 244, 0 
-111, 96, 1 
205, -122, 2 
215, -122, 2 
-104, 98, 1 
214, -134, 2 
187, 233, 0 
-95, 126, 1 
-85, 104, 1 
-98, 104, 1 
-84, 101, 1 
-89, 104, 1 
-88, 105, 1 
208, -134, 2 
176, 214, 0 
-252, 217, 0 
-103, 110, 1 
187, 226, 0 
-126, 113, 1 
-106, 111, 1 
198, 217, 0 
196, 198, 0 
196, 212, 0 
205, -130, 2 
199, -142, 2 
216, -178, 2 
-102, 118, 1 
-104, 124, 1 
-114, 109, 1 
182, 232, 0 
173, 199, 0 
-80, 101, 1 
218, -160, 2 
211, -137, 2 
-106, 122, 1 
212, -178, 2 
174, 241, 0 
-88, 111, 1 
182, 212, 0 
-72, 109, 1 
178, 230, 0 
218, -158, 2 
202, -134, 2 
206, -165, 2 
208, -158, 2 
190, 221, 0 
-111, 97, 1 
187, 206, 0 
212, -147, 2 
188, 216, 0 
213, -125, 2 
-118, 92, 1 
-118, 114, 1 
-113, 118, 1 
-110, 107, 1 
213, -125, 2 
209, -124, 2 
-97, 111, 1 
177, 223, 0 
215, -161, 2 
192, 219, 0 
-111, 103, 1 
200, -167, 2 
-98, 108, 1 
205, -159, 2 
-120, 112, 1 
-119, 120, 1 
167, 226, 0 
-100, 108, 1 
217, -135, 2 
182, 205, 0 
-88, 107, 1 
-106, 129, 1 
-77, 123, 1 
174, 226, 0 
181, -140, 0 
206, -170, 2 
204, -156, 2 
193, 211, 0 
-114, 118, 1 
202, -127, 2 
-85, 108, 1 
195, 220, 0 
208, -143, 2 
209, -175, 2 
-114, 112, 1 
203, -114, 2 
-70, 107, 1 
215, -121, 2 
-106, 93, 1 
-69, 97, 1 
-122, 116, 1 
-104, 101, 1 
204, -136, 2 
-99, 109, 1 
-115, 110, 1 
205, -149, 2 
187, 234, 0 
207, -140, 2 
-87, 95, 1 
221, -166, 2 
214, -161, 2 
184, 228, 0 
170, 224, 0 
178, 208, 0 
198, -150, 2 
189, 214, 0 
207, -153, 2 
-122, 122, 1 
-123, 125, 1 
202, -184, 2 
175, 233, 0 
182, 203, 0 
182, 231, 0 
-93, 86, 1 
180, 213, 0 
188, 212, 0 
206, -152, 2 
-86, 140, 1 
205, -143, 2 
213, -149, 2 
185, 229, 0 
175, 210, 0 
-110, 124, 1 
190, 228, 0 
187, 217, 0 
160, 207, 0 
174, 218, 0 
-80, 111, 1 
-99, 102, 1 
182, 182, 0 
-109, 114, 1 
207, -138, 2 
-109, 105, 1 
182, 203, 0 
175, 237, 0 
196, 213, 0 
216, -130, 2 
211, -122, 2 
215, -109, 2 
182, 247, 0 
293, -127, 2 
208, -156, 2 
194, 219, 0 
213, -159, 2 
204, -159, 2 
210, -171, 2 
184, 226, 0 
210, -122, 2 
-69, 114, 1 
181, 215, 0 
201, -153, 2 
201, -143, 2 
205, 214, 0 
-135, 108, 1 
-135, 103, 1 
203, -161, 2 
-107, 109, 1 
200, 233, 0 
-88, 130, 1 
176, 239, 0 
217, -130, 2 
-109, 117, 1 
175, 216, 0 
212, -185, 2 
208, -149, 2 
212, -165, 2 
-107, 102, 1 
176, 192, 0 
-86, 113, 1 
-86, 103, 1 
-115, 106, 1 
212, -159, 2 
-106, 107, 1 
203, -160, 2 
170, 200, 0 
174, 223, 0 
-84, 107, 1 
-98, 117, 1 
181, 230, 0 
-131, 146, 1 
-104, 113, 1 
171, 233, 0 
-114, 115, 1 
-115, 96, 1 
211, -160, 2 
171, 234, 0 
216, -172, 2 
-86, 90, 1 
-82, 104, 1 
175, 225, 0 
205, -174, 2 
170, 219, 0 
181, 227, 0 
-113, 124, 1 
214, -155, 2 
210, -142, 2 
211, -144, 2 
205, -166, 2 
184, 221, 0 
206, -194, 2 
-82, 101, 1 
181, 211, 0 
217, -147, 2 
206, -174, 2 
197, 225, 0 
188, 239, 0 
-89, 119, 1 
-110, 107, 1 
173, 236, 0 
214, -140, 2 
172, 199, 0 
-91, 104, 1 
192, 239, 0 
205, -164, 2 
172, 232, 0 
-94, 101, 1 
180, 219, 0 
-121, 110, 1 
-89, 124, 1 
204, -156, 2 
212, -136, 2 
-112, 121, 1 
-133, 107, 1 
290, -111, 2 
179, 219, 0 
-86, 127, 1 
184, 222, 0 
179, 211, 0 
177, 226, 0 
-124, 113, 1 
177, 234, 0 
188, 215, 0 
-103, 100, 1 
-92, 106, 1 
210, -164, 2 
194, 211, 0 
189, 219, 0 
212, -127, 2 
210, -177, 2 
192, 214, 0 
-91, 110, 1 
-112, 106, 1 
209, -136, 2 
178, 220, 0 
184, 213, 0 
208, -159, 2 
185, 222, 0 
210, -144, 2 
-110, 103, 1 
213, -149, 2 
221, -149, 2 
-107, 114, 1 
222, -161, 2 
-109, 109, 1 
-100, 112, 1 
-109, 97, 1 
208, -144, 2 
-119, 103, 1 
-118, 113, 1 
209, -151, 2 
201, 226, 0 
167, 224, 0 
221, -124, 2 
173, 227, 0 
201, 227, 0 
204, -144, 2 
182, 234, 0 
175, 211, 0 
-71, 99, 1 
210, -184, 2 
218, -148, 2 
210, -160, 2 
193, 204, 0 
173, 214, 0 
211, -184, 2 
216, -191, 2 
205, -165, 2 
188, 221, 0 
185, 228, 0 
-103, 97, 1 
-107, 133, 1 
203, -144, 2 
186, 206, 0 
-110, 129, 1 
210, -173, 2 
219, -131, 2 
192, 216, 0 
160, 220, 0 
-93, 118, 1 
206, -153, 2 
203, -151, 2 
-112, 120, 1 
218, -163, 2 
187, 210, 0 
-11, -159, 2 
215, -188, 2 
-101, 103, 1 
216, -122, 2 
203, -148, 2 
216, -150, 2 
172, 205, 0 
183, 205, 0 
210, -128, 2 
202, -158, 2 
192, 211, 0 
210, -109, 2 
176, 218, 0 
203, -144, 2 
213, -152, 2 
211, -150, 2 
216, -157, 2 
166, 223, 0 
-97, 121, 1 
198, 215, 0 
182, 225, 0 
-111, 123, 1 
209, -147, 2 
205, -143, 2 
193, 214, 0 
207, -154, 2 
-88, 103, 1 
188, 210, 0 
174, 208, 0 
175, 227, 0 
-110, 124, 1 
-116, 116, 1 
214, -160, 2 
185, 214, 0 
185, 234, 0 
-91, 100, 1 
295, -163, 2 
169, 229, 0 
173, 228, 0 
165, 195, 0 
-92, 118, 1 
-120, 112, 1 
206, -140, 2 
-98, 125, 1 
207, -138, 2 
172, 228, 0 
211, -190, 2 
176, 219, 0 
-112, 105, 1 
-91, 108, 1 
209, -188, 2 
-124, 120, 1 
-103, 100, 1 
208, -174, 2 
206, -162, 2 
185, 221, 0 
192, 228, 0 
-128, 97, 1 
181, 214, 0 
176, 206, 0 
171, 252, 0 
207, -153, 2 
-132, 111, 1 
-90, 108, 1 
190, 217, 0 
-124, 112, 1 
-99, 117, 1 
-93, 125, 1 
218, -137, 2 
204, -151, 2 
207, -130, 2 
209, -167, 2 
-118, 105, 1 
182, 206, 0 
-99, 103, 1 
216, -153, 2 
214, -145, 2 
-78, 98, 1 
-116, 131, 1 
211, -162, 2 
222, -141, 2 
-111, 104, 1 
174, 229, 0 
-105, 119, 1 
176, 209, 0 
179, 248, 0 
165, 221, 0 
181, 199, 0 
196, 219, 0 
189, 230, 0 
-102, 124, 1 
216, -159, 2 
203, -147, 2 
214, -103, 2 
213, -145, 2 
-86, 87, 1 
214, -166, 2 
213, -123, 2 
-108, 105, 1 
193, 221, 0 
-89, 109, 1 
194, 211, 0 
177, 219, 0 
-108, 107, 1 
195, -144, 2 
178, 231, 0 
216, -131, 2 
215, -184, 2 
189, 200, 0 
189, 232, 0 
176, 241, 0 
182, 219, 0 
-104, 115, 1 
-107, 98, 1 
200, -143, 2 
179, 223, 0 
206, -135, 2 
176, 219, 0 
182, 219, 0 
-93, 118, 1 
-212, 211, 0 
-98, 96, 1 
207, -109, 2 
205, -144, 2 
211, -152, 2 
211, -137, 2 
217, -127, 2 
206, -155, 2 
-61, 118, 1 
207, -156, 2 
171, 212, 0 
219, -192, 2 
206, -121, 2 
215, -114, 2 
172, 231, 0 
212, -144, 2 
187, 229, 0 
208, -164, 2 
-108, 116, 1 
183, 216, 0 
-96, 115, 1 
-109, 0, 1 
181, 209, 0 
212, -141, 2 
194, 214, 0 
-121, 119, 1 
188, 208, 0 
-104, 117, 1 
-101, 97, 1 
-116, -158, 2 
166, 228, 0 
-63, 106, 1 
180, 232, 0 
-105, 116, 1 
-90, 198, 1 
215, -164, 2 
205, -126, 2 
170, 212, 0 
213, -126, 2 
179, 219, 0 
211, -165, 2 
213, -89, 2 
190, -116, 0 
-103, 117, 1 
184, 212, 0 
171, 237, 0 
216, -166, 2 
-104, 119, 1 
-108, 99, 1 
177, 212, 0 
221, -170, 2 
211, -134, 2 
210, -158, 2 
186, 241, 0 
208, -147, 2 
191, 225, 0 
174, 224, 0 
-88, 107, 1 
181, 219, 0 
178, 226, 0 
211, -179, 2 
178, 218, 0 
190, 227, 0 
-91, 108, 1 
172, 217, 0 
179, 216, 0 
179, 214, 0 
209, -159, 2 
186, 215, 0 
210, -149, 2 
-71, 115, 1 
184, 224, 0 
211, -158, 2 
195, 212, 0 
-107, 116, 1 
196, 211, 0 
205, -181, 2 
-124, 113, 1 
176, 208, 0 
-120, 98, 1 
175, 222, 0 
208, -158, 2 
-103, 114, 1 
202, -110, 2 
175, 211, 0 
177, 217, 0 
-139, 107, 1 
-112, 100, 1 
205, -142, 2 
210, -144, 2 
180, 217, 0 
-111, 110, 1 
-108, 100, 1 
211, -132, 2 
206, -193, 2 
-102, 104, 1 
-93, 95, 1 
-125, 109, 1 
-123, 126, 1 
206, -150, 2 
171, 221, 0 
-94, 112, 1 
-89, 96, 1 
190, 216, 0 
198, 220, 0 
-101, 115, 1 
-111, 114, 1 
214, -160, 2 
-95, 97, 1 
-81, 110, 1 
196, 227, 0 
-80, 124, 1 
165, 212, 0 
162, 218, 0 
210, -158, 2 
-82, 108, 1 
218, -156, 2 
182, 235, 0 
-112, 118, 1 
179, 235, 0 
207, -115, 2 
169, 233, 0 
-120, 110, 1 
-103, 108, 1 
-96, 88, 1 
216, -127, 2 
213, -159, 2 
169, 222, 0 
156, 216, 0 
207, -170, 2 
-94, 133, 1 
208, -164, 2 
185, 222, 0 
-94, 111, 1 
210, -157, 2 
181, 222, 0 
215, -124, 2 
-77, 139, 1 
207, -172, 2 
-89, 111, 1 
204, -142, 2 
178, 233, 0 
-94, 120, 1 
208, -179, 2 
207, -164, 2 
186, 207, 0 
-109, 111, 1 
200, -168, 2 
-116, 116, 1 
183, 224, 0 
-88, 106, 1 
209, -138, 2 
-81, 97, 1 
212, -146, 2 
215, -189, 2 
214, -153, 2 
208, -159, 2 
215, -169, 2 
172, 203, 0 
169, 208, 0 
200, -162, 2 
165, 219, 0 
192, 205, 0 
-103, 123, 1 
172, 216, 0 
-96, 109, 1 
173, 211, 0 
-99, 127, 1 
209, -141, 2 
-80, 100, 1 
191, 210, 0 
-83, 110, 1 
-97, 98, 1 
212, -156, 2 
-124, 107, 1 
-66, 107, 1 
-101, 111, 1 
-80, 109, 1 
209, -177, 2 
181, 216, 0 
158, 236, 0 
-108, 126, 1 
159, 217, 0 
212, -124, 2 
207, -161, 2 
212, -150, 2 
196, 221, 0 
178, 227, 0 
208, -143, 2 
214, -129, 2 
-104, 93, 1 
175, 216, 0 
209, -143, 2 
-110, 107, 1 
175, 225, 0 
-91, 109, 1 
194, 200, 0 
-79, 94, 1 
-107, 101, 1 
193, 198, 0 
-100, 120, 1 
-110, 102, 1 
172, 223, 0 
-110, 110, 1 
214, -136, 2 
-107, 112, 1 
182, 216, 0 
-101, 108, 1 
178, 235, 0 
218, -134, 2 
207, -171, 2 
210, -160, 2 
-101, 90, 1 
181, 228, 0 
202, 204, 0 
-121, 128, 1 
193, 223, 0 
208, -155, 2 
-104, 126, 1 
-77, 98, 1 
213, -154, 2 
207, -131, 2 
207, -150, 2 
207, -117, 2 
-109, 105, 1 
-106, 107, 1 
173, 212, 0 
214, -146, 2 
217, -160, 2 
176, 244, 0 
-94, 107, 1 
158, 234, 0 
213, -178, 2 
199, 211, 0 
175, 225, 0 
171, 222, 0 
173, 228, 0 
210, -140, 2 
206, -115, 2 
180, 229, 0 
-121, 119, 1 
-71, 108, 1 
182, 201, 0 
154, 216, 0 
207, -150, 2 
219, -138, 2 
208, -185, 2 
219, -163, 2 
214, -127, 2 
-98, 116, 1 
-99, 109, 1 
218, -163, 2 
-109, 103, 1 
196, 201, 0 
211, -160, 2 
171, 214, 0 
-104, 88, 1 
-130, 105, 1 
170, 232, 0 
209, -164, 2 
-101, 97, 1 
202, -140, 2 
191, 240, 0 
208, -161, 2 
191, 198, 0 
178, 220, 0 
210, -164, 2 
208, -143, 2 
-98, 121, 1 
215, -151, 2 
211, -160, 2 
182, 220, 0 
203, -144, 2 
216, -156, 2 
184, 222, 0 
175, 204, 0 
205, -160, 2 
-107, 127, 1 
-82, 111, 1 
174, 228, 0 
-113, 109, 1 
203, -129, 2 
-124, 134, 1 
172, 216, 0 
213, -184, 2 
-94, 97, 1 
207, -164, 2 
211, -156, 2 
208, -147, 2 
173, 207, 0 
207, -144, 2 
208, -170, 2 
184, 221, 0 
-133, 112, 1 
157, 226, 0 
211, -166, 2 
177, 221, 0 
-106, 96, 1 
203, -147, 2 
-91, 98, 1 
170, 229, 0 
184, 211, 0 
209, -180, 2 
212, -148, 2 
189, 214, 0 
212, -164, 2 
212, -202, 2 
-96, 128, 1 
213, -138, 2 
-115, 111, 1 
212, -148, 2 
213, -164, 2 
205, -108, 2 
-122, 114, 1 
210, -173, 2 
-126, 113, 1 
163, 209, 0 
212, -146, 2 
-116, 121, 1 
209, -162, 2 
-94, 107, 1 
212, -114, 2 
214, -118, 2 
207, -174, 2 
-102, 88, 1 
186, 238, 0 
178, 211, 0 
212, -131, 2 
-97, 107, 1 
213, -133, 2 
-109, 103, 1 
185, 214, 0 
178, 213, 0 
218, -145, 2 
-114, 108, 1 
218, -167, 2 
-90, 102, 1 
209, -113, 2 
-115, 116, 1 
204, -166, 2 
-63, 100, 1 
215, -149, 2 
187, -167, 0 
-85, 107, 1 
-87, 109, 1 
212, -128, 2 
-94, 105, 1 
-118, 99, 1 
219, -183, 2 
-111, 98, 1 
-86, 107, 1 
208, -169, 2 
192, 207, 0 
-80, 125, 1 
217, -157, 2 
-96, 106, 1 
-87, 120, 1 
222, -121, 2 
-113, 120, 1 
208, -126, 2 
-107, 114, 1 
-108, 108, 1 
166, 214, 0 
-109, 122, 1 
178, 221, 0 
182, 236, 0 
176, 240, 0 
-93, 92, 1 
-93, 106, 1 
211, -129, 2 
166, 221, 0 
-107, 112, 1 
217, -155, 2 
210, -154, 2 
-116, 126, 1 
194, 213, 0 
174, 212, 0 
201, -135, 2 
215, -143, 2 
-110, 89, 1 
189, 210, 0 
179, 216, 0 
299, 232, 0 
-101, 114, 1 
201, -144, 2 
-97, 99, 1 
-130, 106, 1 
190, 206, 0 
-109, 100, 1 
211, -142, 2 
183, 212, 0 
-74, 114, 1 
-101, 88, 1 
-96, 124, 1 
-79, 107, 1 
-99, 104, 1 
184, 232, 0 
-97, 105, 1 
214, -132, 2 
216, -129, 2 
206, -163, 2 
161, 211, 0 
-105, 117, 1 
170, 208, 0 
191, 213, 0 
-74, 114, 1 
175, 214, 0 
206, -170, 2 
-94, 109, 1 
170, 227, 0 
-78, 129, 1 
174, 204, 0 
169, 229, 0 
-83, 122, 1 
214, -178, 2 
196, 216, 0 
204, -157, 2 
-135, 117, 1 
-113, 126, 1 
207, -160, 2 
178, 216, 0 
-82, 92, 1 
-84, 108, 1 
-88, 126, 1 
183, 204, 0 
-118, 117, 1 
153, 26, 0 
169, 223, 0 
-99, 97, 1 
167, 225, 0 
181, 228, 0 
-130, 105, 1 
204, -164, 2 
206, -164, 2 
175, 218, 0 
216, -169, 2 
170, 227, 0 
-80, 104, 1 
190, 234, 0 
-127, 119, 1 
178, 223, 0 
-77, 105, 1 
169, 215, 0 
180, 221, 0 
191, 219, 0 
-75, 131, 1 
-103, 105, 1 
210, 16, 2 
114, 209, 0 
-134, 106, 1 
216, -161, 2 
-96, 108, 1 
203, -153, 2 
213, -135, 2 
168, 211, 0 
198, 232, 0 
-99, 110, 1 
179, 220, 0 
188, 223, 0 
171, 209, 0 
-95, 106, 1 
205, -161, 2 
175, 214, 0 
-108, 101, 1 
201, 225, 0 
-105, 115, 1 
186, 223, 0 
215, -179, 2 
204, -146, 2 
-90, 111, 1 
218, -156, 2 
180, 219, 0 
172, 232, 0 
207, -154, 2 
176, 208, 0 
-82, 129, 1 
185, 224, 0 
-75, 120, 1 
209, -195, 2 
-93, 93, 1 
210, -173, 2 
181, 228, 0 
192, 226, 0 
167, 216, 0 
-100, 108, 1 
-86, 116, 1 
214, -135, 2 
174, 207, 0 
-108, 98, 1 
216, -127, 2 
214, -157, 2 
217, -170, 2 
-99, 111, 1 
174, 216, 0 
206, -150, 2 
-100, 99, 1 
-132, 114, 1 
190, 223, 0 
201, -126, 2 
-69, 111, 1 
173, 221, 0 
-107, 111, 1 
171, 228, 0 
173, 219, 0 
209, -150, 2 
-73, 119, 1 
-92, 131, 1 
-104, 108, 1 
-34, -175, 2 
207, -155, 2 
-104, 116, 1 
-98, 107, 1 
162, 205, 0 
218, -151, 2 
165, 213, 0 
-87, 117, 1 
181, 219, 0 
216, -144, 2 
-102, 108, 1 
193, 224, 0 
-99, 116, 1 
-97, 121, 1 
-103, 110, 1 
209, -148, 2 
206, -163, 2 
204, -127, 2 
190, 234, 0 
209, -127, 2 
-114, 101, 1 
178, 214, 0 
-103, 109, 1 
181, 196, 0 
206, -130, 2 
218, -172, 2 
215, -157, 2 
174, 196, 0 
181, 202, 0 
-108, 129, 1 
-79, 104, 1 
207, -147, 2 
-112, 116, 1 
-111, 114, 1 
213, -130, 2 
177, 225, 0 
197, -139, 2 
-106, 108, 1 
202, -200, 2 
-130, 96, 1 
209, -159, 2 
-99, 119, 1 
164, 219, 0 
-92, 107, 1 
290, 211, 0 
184, 233, 0 
-92, 108, 1 
213, -147, 2 
215, -121, 2 
159, 232, 0 
209, -152, 2 
207, -160, 2 
-96, 112, 1 
176, 210, 0 
180, 232, 0 
193, 239, 0 
161, 222, 0 
216, -185, 2 
-129, 122, 1 
184, 214, 0 
-83, 106, 1 
201, -184, 2 
181, 237, 0 
187, 225, 0 
-100, 124, 1 
-81, 125, 1 
194, -159, 2 
-85, 106, 1 
174, 214, 0 
169, 226, 0 
209, -142, 2 
206, -151, 2 
217, -116, 2 
-118, 121, 1 
-106, 110, 1 
-104, -175, 1 
176, 224, 0 
-101, 118, 1 
212, -123, 2 
185, 217, 0 
212, -144, 2 
209, -148, 2 
194, 195, 0 
-101, 108, 1 
-118, 102, 1 
207, -166, 2 
174, 206, 0 
-119, 114, 1 
175, 210, 0 
207, -178, 2 
210, -155, 2 
189, 225, 0 
218, -120, 2 
185, 243, 0 
201, 209, 0 
184, 212, 0 
159, 218, 0 
205, -129, 2 
200, -149, 2 
184, 235, 0 
223, -137, 2 
204, -213, 2 
214, -171, 2 
-281, 213, 0 
215, -168, 2 
212, -176, 2 
-84, 108, 1 
172, 207, 0 
186, 213, 0 
-87, 106, 1 
212, -130, 2 
184, 229, 0 
176, 229, 0 
208, -143, 2 
203, -145, 2 
177, 221, 0 
210, -138, 2 
212, -161, 2 
-75, 107, 1 
176, 224, 0 
171, 220, 0 
-86, 119, 1 
165, -172, 0 
177, 214, 0 
209, -167, 2 
-92, 107, 1 
184, 226, 0 
-96, 124, 1 
175, 235, 0 
203, -139, 2 
-90, 113, 1 
209, -120, 2 
214, -137, 2 
-78, 115, 1 
205, -173, 2 
188, 197, 0 
196, 218, 0 
-102, 101, 1 
187, 231, 0 
-92, 132, 1 
-74, 103, 1 
182, 197, 0 
205, -120, 2 
180, 216, 0 
201, -182, 2 
210, -156, 2 
-125, 108, 1 
169, 211, 0 
177, 218, 0 
-115, 119, 1 
-103, 121, 1 
-85, 119, 1 
184, 221, 0 
-86, 122, 1 
162, 225, 0 
193, 218, 0 
213, -143, 2 
193, 213, 0 
186, 221, 0 
168, 218, 0 
167, 218, 0 
-144, 95, 1 
209, -169, 2 
210, -168, 2 
100, -174, 2 
208, -135, 2 
171, 212, 0 
175, 207, 0 
216, -131, 2 
-111, 109, 1 
202, -130, 2 
-91, 108, 1 
168, 229, 0 
201, -163, 2 
-90, 129, 1 
209, -154, 2 
-101, 102, 1 
-85, 108, 1 
-104, 109, 1 
216, -136, 2 
193, 210, 0 
212, -120, 2 
-122, 123, 1 
209, -155, 2 
163, 217, 0 
208, -155, 2 
215, -149, 2 
-114, 112, 1 
-79, 105, 1 
162, 224, 0 
-129, 117, 1 
182, 214, 0 
-106, 110, 1 
213, -145, 2 
-101, 106, 1 
209, -162, 2 
-244, 236, 0 
180, 230, 0 
-147, 108, 1 
183, 202, 0 
159, 219, 0 
-66, 112, 1 
210, -154, 2 
202, -144, 2 
206, -142, 2 
-93, 109, 1 
186, 216, 0 
-76, 104, 1 
-100, 119, 1 
-126, 114, 1 
-104, 106, 1 
-113, 102, 1 
178, 230, 0 
-119, 117, 1 
-95, 89, 1 
-105, 118, 1 
142, -161, 2 
-98, 120, 1 
212, -159, 2 
207, -168, 2 
179, 232, 0 
212, -171, 2 
195, 217, 0 
224, -144, 2 
-89, 103, 1 
170, 229, 0 
157, 213, 0 
-88, 100, 1 
211, -165, 2 
213, -151, 2 
208, -167, 2 
-103, 105, 1 
177, 230, 0 
-80, 129, 1 
-79, 112, 1 
-87, 114, 1 
191, 205, 0 
216, -145, 2 
206, -175, 2 
209, -142, 2 
205, -122, 2 
181, 223, 0 
-82, 123, 1 
206, -120, 2 
212, -156, 2 
183, 220, 0 
-112, 115, 1 
211, -114, 2 
167, 224, 0 
-103, 106, 1 
190, 216, 0 
188, 211, 0 
213, -162, 2 
179, 229, 0 
210, -164, 2 
209, -122, 2 
206, -121, 2 
183, 202, 0 
-102, 7, 1 
-106, 104, 1 
-113, 111, 1 
209, -114, 2 
213, -163, 2 
-154, 219, 0 
-83, 114, 1 
181, 228, 0 
204, -166, 2 
-78, 108, 1 
-101, 104, 1 
-108, 106, 1 
217, -119, 2 
-99, 105, 1 
209, -130, 2 
213, -162, 2 
189, 233, 0 
210, -161, 2 
-92, 109, 1 
-80, 111, 1 
-100, 99, 1 
175, 224, 0 
210, -116, 2 
-119, 115, 1 
-103, 106, 1 
198, 211, 0 
-89, 96, 1 
-117, 103, 1 
208, -143, 2 
-68, 111, 1 
-112, 104, 1 
-86, 104, 1 
208, -129, 2 
208, -140, 2 
170, 225, 0 
209, -169, 2 
182, 208, 0 
209, -158, 2 
196, 221, 0 
216, -159, 2 
-91, 113, 1 
-73, 110, 1 
-83, 111, 1 
174, 233, 0 
208, -159, 2 
-64, 122, 1 
211, -156, 2 
200, -152, 2 
167, 227, 0 
188, 218, 0 
-115, 94, 1 
174, 224, 0 
211, -136, 2 
210, -165, 2 
207, -149, 2 
208, -174, 2 
200, 225, 0 
-214, 123, 1 
-82, 119, 1 
196, 207, 0 
-113, 130, 1 
-91, 90, 1 
212, -148, 2 
181, 220, 0 
167, 212, 0 
-99, 102, 1 
-133, 129, 1 
213, -100, 2 
-80, 109, 1 
-88, 94, 1 
219, -149, 2 
198, -145, 2 
-92, 120, 1 
-113, 102, 1 
160, 211, 0 
166, 231, 0 
-83, 100, 1 
178, 218, 0 
171, 221, 0 
-121, 133, 1 
-92, 113, 1 
210, -148, 2 
-96, 115, 1 
204, -149, 2 
172, 231, 0 
215, -132, 2 
-78, 103, 1 
219, -125, 2 
212, -126, 2 
179, 219, 0 
179, 210, 0 
207, -130, 2 
-87, 110, 1 
-72, 107, 1 
-100, 111, 1 
-104, 131, 1 
-130, 117, 1 
-85, 115, 1 
163, 216, 0 
208, -167, 2 
-108, 97, 1 
175, 218, 0 
-92, 132, 1 
216, -122, 2 
-95, 110, 1 
-113, 121, 1 
205, -136, 2 
-99, 111, 1 
173, 227, 0 
190, 218, 0 
178, 218, 0 
210, -134, 2 
180, 238, 0 
213, -161, 2 
-130, 107, 1 
179, 220, 0 
173, 219, 0 
216, -175, 2 
168, 216, 0 
207, -147, 2 
215, -131, 2 
211, -186, 2 
-109, 113, 1 
191, 206, 0 
-105, 95, 1 
210, -144, 2 
206, -153, 2 
-116, 110, 1 
189, 70, 0 
-91, 113, 1 
217, -116, 2 
198, -144, 2 
148, 220, 0 
171, 240, 0 
188, 227, 0 
175, 225, 0 
223, -151, 2 
-95, 113, 1 
-94, 110, 1 
-123, 114, 1 
-75, 115, 1 
181, 211, 0 
215, -158, 2 
175, 229, 0 
-96, 93, 1 
171, 218, 0 
-104, 98, 1 
178, 225, 0 
-115, 81, 1 
171, 207, 0 
213, -150, 2 
206, -161, 2 
182, 219, 0 
-78, 105, 1 
178, 224, 0 
209, -138, 2 
214, -129, 2 
-61, 108, 1 
-62, 108, 1 
-100, 95, 1 
-112, 111, 1 
210, -119, 2 
213, -157, 2 
213, -142, 2 
217, -154, 2 
-96, 103, 1 
176, 214, 0 
211, -150, 2 
-102, 103, 1 
185, 221, 0 
211, -139, 2 
179, 231, 0 
172, 235, 0 
178, 222, 0 
207, -180, 2 
-111, 102, 1 
191, 202, 0 
-102, 103, 1 
166, 225, 0 
200, 223, 0 
207, -155, 2 
177, 221, 0 
-109, 122, 1 
-124, 105, 1 
-98, 102, 1 
184, 230, 0 
213, -143, 2 
178, 241, 0 
213, -169, 2 
216, -139, 2 
215, -121, 2 
-88, 111, 1 
-109, 103, 1 
211, -171, 2 
209, -109, 2 
-80, 111, 1 
-89, 102, 1 
-92, 107, 1 
-127, 103, 1 
-117, 119, 1 
-124, 114, 1 
169, 227, 0 
201, -132, 2 
207, -146, 2 
179, 229, 0 
175, 209, 0 
-102, 112, 1 
-100, 118, 1 
179, 223, 0 
212, -161, 2 
212, -128, 2 
206, -187, 2 
208, -156, 2 
203, -121, 2 
192, 216, 0 
163, 237, 0 
209, -144, 2 
176, 222, 0 
182, 234, 0 
201, 208, 0 
208, -142, 2 
182, 218, 0 
164, 221, 0 
-101, 109, 1 
206, -134, 2 
-118, 133, 1 
189, 219, 0 
-98, 122, 1 
210, -155, 2 
185, 226, 0 
-86, 116, 1 
211, -133, 2 
-62, 113, 1 
-115, 116, 1 
188, 217, 0 
219, -161, 2 
94, 107, 1 
186, 212, 0 
210, -179, 2 
173, 221, 0 
205, -179, 2 
212, -127, 2 
198, 230, 0 
210, -151, 2 
220, -146, 2 
221, -135, 2 
190, 244, 0 
-120, 91, 1 
180, 211, 0 
159, 217, 0 
-113, 99, 1 
169, 204, 0 
169, 218, 0 
209, -158, 2 
171, 230, 0 
-182, -172, 2 
208, -151, 2 
216, -152, 2 
224, -114, 2 
215, -139, 2 
-70, 113, 1 
172, 226, 0 
-105, 106, 1 
174, 216, 0 
-100, 113, 1 
-83, 94, 1 
-96, 125, 1 
186, 197, 0 
206, -159, 2 
-86, 91, 1 
178, 216, 0 
206, -156, 2 
-116, 120, 1 
164, 217, 0 
209, -123, 2 
173, 214, 0 
216, -176, 2 
190, 222, 0 
190, 212, 0 
176, 225, 0 
210, -151, 2 
-122, 107, 1 
162, 221, 0 
178, 212, 0 
-103, 94, 1 
180, 231, 0 
213, -154, 2 
188, 223, 0 
-105, 101, 1 
210, -159, 2 
-117, 119, 1 
174, 227, 0 
170, 227, 0 
-115, 102, 1 
196, 217, 0 
217, -166, 2 
-119, 104, 1 
170, 233, 0 
201, -161, 2 
192, 226, 0 
-94, 119, 1 
-125, 101, 1 
168, 218, 0 
211, -160, 2 
191, 216, 0 
-114, 115, 1 
178, 214, 0 
209, -154, 2 
212, -133, 2 
-113, 89, 1 
-131, 104, 1 
215, -135, 2 
-88, 118, 1 
215, -154, 2 
-101, 119, 1 
194, 217, 0 
-93, 115, 1 
188, 211, 0 
-117, 86, 1 
-112, 103, 1 
-104, 102, 1 
-92, 118, 1 
188, 217, 0 
213, -128, 2 
-90, 113, 1 
191, 236, 0 
208, -163, 2 
205, -135, 2 
-93, 106, 1 
-72, 112, 1 
-111, 113, 1 
-93, 94, 1 
-84, 132, 1 
-121, 101, 1 
205, -148, 2 
204, -162, 2 
206, -125, 2 
176, 224, 0 
207, -170, 2 
179, 228, 0 
-123, 108, 1 
175, 220, 0 
209, -149, 2 
190, 195, 0 
182, 228, 0 
-107, 112, 1 
204, -128, 2 
-98, 126, 1 
187, 210, 0 
192, 222, 0 
184, 241, 0 
209, -127, 2 
-88, 118, 1 
210, -161, 2 
-81, 103, 1 
198, 226, 0 
178, 227, 0 
167, 208, 0 
185, 223, 0 
-89, 111, 1 
180, 239, 0 
-100, 113, 1 
187, 202, 0 
205, -144, 2 
204, -121, 2 
213, -142, 2 
-115, 121, 1 
-75, 107, 1 
207, -144, 2 
-129, 101, 1 
215, -142, 2 
-106, 110, 1 
188, 211, 0 
212, -182, 2 
188, 235, 0 
207, -180, 2 
-117, 107, 1 
208, -171, 2 
-94, 112, 1 
213, -145, 2 
208, -121, 2 
195, 222, 0 
208, -161, 2 
214, -179, 2 
191, 217, 0 
-90, 116, 1 
217, -147, 2 
-102, 109, 1 
176, 237, 0 
-90, 99, 1 
-77, 113, 1 
210, -155, 2 
216, -132, 2 
173, 240, 0 
214, -182, 2 
202, -169, 2 
169, 215, 0 
207, -157, 2 
-108, 109, 1 
-129, 125, 1 
179, 218, 0 
211, -154, 2 
-82, 127, 1 
211, -166, 2 
182, 228, 0 
204, -148, 2 
172, 222, 0 
-96, 113, 1 
177, 213, 0 
180, 219, 0 
-98, 99, 1 
188, 226, 0 
186, 226, 0 
204, -128, 2 
-105, 100, 1 
210, -170, 2 
206, -153, 2 
-92, 114, 1 
175, 228, 0 
-91, 106, 1 
-97, 102, 1 
246, -164, 2 
-107, 122, 1 
-85, 103, 1 
175, 227, 0 
211, -134, 2 
170, 215, 0 
184, 231, 0 
206, -134, 2 
173, 242, 0 
-97, 124, 1 
178, 217, 0 
186, 223, 0 
207, -137, 2 
206, -185, 2 
192, 230, 0 
167, 226, 0 
-103, 126, 1 
-101, 112, 1 
187, 203, 0 
218, -163, 2 
207, -149, 2 
193, -179, 2 
184, 207, 0 
181, 213, 0 
183, 233, 0 
-97, 121, 1 
186, 219, 0 
168, 214, 0 
-149, 129, 1 
212, -154, 2 
-117, 117, 1 
-91, 127, 1 
213, -151, 2 
177, 220, 0 
209, -148, 2 
210, -190, 2 
166, 218, 0 
166, 210, 0 
175, 216, 0 
188, 216, 0 
180, 209, 0 
178, 209, 0 
203, -121, 2 
-116, 116, 1 
207, -141, 2 
-109, 96, 1 
-126, 112, 1 
-104, 97, 1 
208, -130, 2 
-117, 103, 1 
-96, 116, 1 
163, 198, 0 
203, -150, 2 
168, 242, 0 
197, 207, 0 
-91, 104, 1 
216, 207, 2 
181, 204, 0 
174, 228, 0 
185, 236, 0 
-94, 114, 1 
200, -173, 2 
213, -142, 2 
181, 239, 0 
-121, 107, 1 
-103, 106, 1 
-80, 105, 1 
197, -160, 2 
176, 203, 0 
203, -150, 2 
-107, 85, 1 
-93, 117, 1 
178, 215, 0 
199, 221, 0 
214, -164, 2 
191, 228, 0 
-104, 101, 1 
204, -147, 2 
213, -135, 2 
207, -171, 2 
-94, 126, 1 
218, -145, 2 
206, -126, 2 
209, -180, 2 
-98, 116, 1 
206, -135, 2 
-95, 121, 1 
182, 238, 0 
176, 236, 0 
-96, 103, 1 
214, -151, 2 
-95, 108, 1 
-104, 111, 1 
210, -142, 2 
176, 219, 0 
173, 199, 0 
210, -121, 2 
221, -144, 2 
-82, 130, 1 
169, 239, 0 
176, 208, 0 
212, -143, 2 
189, 215, 0 
-97, 92, 1 
172, 212, 0 
-110, 121, 1 
184, 219, 0 
211, -183, 2 
213, -158, 2 
193, 224, 0 
181, 234, 0 
184, 216, 0 
193, 205, 0 
-121, 110, 1 
-103, 92, 1 
207, -157, 2 
179, 212, 0 
181, 214, 0 
-82, 117, 1 
211, -130, 2 
-111, 119, 1 
208, -143, 2 
178, 206, 0 
183, 217, 0 
-114, 107, 1 
217, -187, 2 
-102, 100, 1 
204, -162, 2 
-128, 118, 1 
184, 217, 0 
178, 216, 0 
182, 209, 0 
193, 207, 0 
-98, 114, 1 
-90, 115, 1 
206, -131, 2 
213, -157, 2 
210, -157, 2 
-102, 115, 1 
-115, 110, 1 
-110, 97, 1 
209, -148, 2 
188, 233, 0 
175, 225, 0 
208, -152, 2 
193, 231, 0 
-101, 115, 1 
-116, 110, 1 
-94, 106, 1 
208, -173, 2 
213, -117, 2 
204, -179, 2 
171, 217, 0 
183, 199, 0 
-121, 116, 1 
182, 222, 0 
-119, 103, 1 
210, -147, 2 
-96, 113, 1 
74, 99, 1 
-106, 104, 1 
-78, 110, 1 
211, -166, 2 
171, 216, 0 
166, -65, 0 
215, -118, 2 
204, -150, 2 
186, 232, 0 
189, 204, 0 
182, 213, 0 
180, 203, 0 
213, -154, 2 
207, -107, 2 
199, -115, 2 
205, -163, 2 
201, -146, 2 
195, 223, 0 
200, -154, 2 
211, -145, 2 
178, 224, 0 
215, -108, 2 
-95, 108, 1 
-106, 121, 1 
-101, 119, 1 
-112, 113, 1 
202, -141, 2 
214, -150, 2 
-83, 122, 1 
207, -160, 2 
174, 227, 0 
218, -168, 2 
183, 210, 0 
173, 219, 0 
210, -165, 2 
207, -136, 2 
149, -173, 2 
168, 219, 0 
-123, 97, 1 
191, 211, 0 
-98, 123, 1 
-69, 112, 1 
-99, 102, 1 
-123, 94, 1 
190, 232, 0 
-79, 99, 1 
170, 222, 0 
167, 208, 0 
215, -173, 2 
217, -178, 2 
-101, 98, 1 
180, 221, 0 
207, -164, 2 
-110, 103, 1 
173, 221, 0 
-94, 125, 1 
173, 226, 0 
191, 224, 0 
-86, 123, 1 
214, -155, 2 
197, 229, 0 
-115, 111, 1 
-128, 124, 1 
-90, 106, 1 
-78, 119, 1 
173, 218, 0 
-135, 110, 1 
-105, 117, 1 
180, 224, 0 
184, 210, 0 
176, 232, 0 
207, -144, 2 
-96, 106, 1 
210, -178, 2 
218, -134, 2 
189, 232, 0 
198, -163, 2 
177, 233, 0 
172, 226, 0 
190, 211, 0 
187, 239, 0 
206, -185, 2 
170, 211, 0 
-79, 104, 1 
210, -137, 2 
171, 224, 0 
210, -147, 2 
188, 212, 0 
174, 213, 0 
217, -172, 2 
212, -150, 2 
215, -157, 2 
209, -155, 2 
-86, 110, 1 
214, -167, 2 
-95, 124, 1 
-87, 108, 1 
184, 222, 0 
-83, 115, 1 
133, -137, 2 
-84, 127, 1 
180, -141, 0 
216, -176, 2 
-110, 110, 1 
182, 222, 0 
-107, 108, 1 
190, 219, 0 
207, -136, 2 
-19, -141, 2 
170, 214, 0 
-88, 109, 1 
213, -168, 2 
194, 208, 0 
-85, 95, 1 
213, -125, 2 
208, -127, 2 
215, -160, 2 
218, -147, 2 
184, 207, 0 
211, -134, 2 
206, -122, 2 
208, -150, 2 
-108, 124, 1 
188, 221, 0 
165, 209, 0 
178, 232, 0 
-82, 118, 1 
171, 218, 0 
213, -152, 2 
198, -194, 2 
-131, 117, 1 
-111, 124, 1 
183, 205, 0 
176, 217, 0 
-103, 112, 1 
-89, 118, 1 
212, -148, 2 
216, -145, 2 
210, -170, 2 
-82, 119, 1 
194, 226, 0 
-121, 93, 1 
-105, 102, 1 
-83, 115, 1 
200, 236, 0 
-73, 121, 1 
216, -171, 2 
-67, 98, 1 
186, 204, 0 
-107, -126, 1 
207, -159, 2 
-78, 107, 1 
191, 226, 0 
205, -162, 2 
174, 234, 0 
183, 225, 0 
178, 211, 0 
154, 218, 0 
186, -44, 0 
177, 202, 0 
-132, 117, 1 
189, 209, 0 
206, -118, 2 
-70, 94, 1 
-91, 121, 1 
190, 220, 0 
-108, 196, 0 
-75, 111, 1 
178, 211, 0 
208, -189, 2 
210, -107, 2 
181, 239, 0 
186, 231, 0 
201, -156, 2 
-90, 111, 1 
205, -151, 2 
-116, 127, 1 
-86, 106, 1 
-75, 93, 1 
192, 220, 0 
213, -201, 2 
168, 215, 0 
209, -148, 2 
-105, 94, 1 
187, 219, 0 
187, 210, 0 
191, 209, 0 
185, 225, 0 
260, 113, 1 
198, 229, 0 
208, -154, 2 
184, 219, 0 
159, 217, 0 
-94, 112, 1 
177, 229, 0 
194, 222, 0 
-110, 107, 1 
187, 205, 0 
180, 221, 0 
-86, 94, 1 
-91, 103, 1 
163, 218, 0 
193, 221, 0 
-92, 113, 1 
-93, 119, 1 
208, -152, 2 
175, 209, 0 
-119, 114, 1 
215, -173, 2 
208, -172, 2 
174, 225, 0 
187, 217, 0 
181, 231, 0 
170, 215, 0 
185, 210, 0 
208, -143, 2 
-93, 121, 1 
-104, 113, 1 
-98, 106, 1 
-90, 100, 1 
-92, 109, 1 
206, -140, 2 
204, -158, 2 
176, 216, 0 
197, 220, 0 
188, 214, 0 
-94, 115, 1 
182, 207, 0 
208, -185, 2 
181, 202, 0 
205, -134, 2 
205, -173, 2 
217, -166, 2 
185, 204, 0 
158, 219, 0 
170, 220, 0 
192, 223, 0 
219, -170, 2 
-96, 111, 1 
-106, 91, 1 
-116, 109, 1 
173, 236, 0 
-94, 108, 1 
204, -147, 2 
210, -125, 2 
189, 230, 0 
211, -185, 2 
180, 221, 0 
176, 239, 0 
218, -151, 2 
172, 207, 0 
174, 216, 0 
165, 214, 0 
175, 217, 0 
190, 217, 0 
-87, 121, 1 
174, 206, 0 
209, -166, 2 
211, 204, 0 
181, 238, 0 
188, 205, 0 
209, -151, 2 
181, 220, 0 
205, -125, 2 
171, 208, 0 
-98, 107, 1 
184, 228, 0 
218, -151, 2 
214, -171, 2 
-118, 116, 1 
154, 223, 0 
215, -131, 2 
182, 204, 0 
-74, 115, 1 
-54, 111, 1 
210, -157, 2 
-110, 92, 1 
180, 225, 0 
171, 283, 0 
-114, 102, 1 
183, 234, 0 
192, 212, 0 
192, 224, 0 
215, -153, 2 
212, -135, 2 
171, 226, 0 
190, 211, 0 
163, 219, 0 
212, -163, 2 
174, 213, 0 
-104, 104, 1 
214, -158, 2 
-103, 109, 1 
208, -147, 2 
-110, 100, 1 
-81, 126, 1 
177, 195, 0 
176, 215, 0 
216, -133, 2 
209, -150, 2 
-125, 114, 1 
184, 216, 0 
-83, 117, 1 
186, 198, 0 
-100, 117, 1 
207, -156, 2 
-94, 106, 1 
-119, 109, 1 
207, -140, 2 
-102, 111, 1 
178, 231, 0 
172, 200, 0 
-90, 115, 1 
-106, 111, 1 
156, 219, 0 
206, -136, 2 
210, -182, 2 
209, -177, 2 
192, 227, 0 
-81, 96, 1 
208, -141, 2 
-123, 114, 1 
-99, 124, 1 
206, -189, 2 
-79, 119, 1 
-99, 99, 1 
-110, 124, 1 
-98, 120, 1 
210, -129, 2 
187, 218, 0 
203, -146, 2 
185, 209, 0 
213, -167, 2 
209, -185, 2 
-90, 111, 1 
208, -136, 2 
211, -157, 2 
205, -139, 2 
202, -144, 2 
184, -37, 0 
186, 219, 0 
-97, 112, 1 
206, -123, 2 
206, -160, 2 
176, 218, 0 
204, -131, 2 
178, 223, 0 
185, 228, 0 
212, -143, 2 
203, -145, 2 
-94, 107, 1 
175, 227, 0 
213, -137, 2 
213, -146, 2 
212, -130, 2 
205, -160, 2 
-105, 114, 1 
-72, 105, 1 
209, -132, 2 
212, -140, 2 
201, -153, 2 
-93, 123, 1 
210, -101, 2 
166, 221, 0 
172, 229, 0 
199, -171, 2 
-104, 101, 1 
-86, 130, 1 
-61, 112, 1 
-94, 97, 1 
-100, 94, 1 
220, -141, 2 
212, -155, 2 
-112, 102, 1 
-85, 103, 1 
179, 216, 0 
181, 237, 0 
202, -129, 2 
216, -174, 2 
211, -147, 2 
-98, 108, 1 
209, -115, 2 
206, -153, 2 
174, 133, 0 
-96, 111, 1 
220, -118, 2 
-104, 123, 1 
212, -158, 2 
214, -154, 2 
-111, 101, 1 
206, -156, 2 
219, -162, 2 
-78, 99, 1 
166, 237, 0 
168, 223, 0 
210, -99, 2 
209, -151, 2 
179, 211, 0 
211, -173, 2 
213, -153, 2 
178, 225, 0 
210, -167, 2 
219, -168, 2 
-97, 125, 1 
-86, 127, 1 
206, -166, 2 
191, 209, 0 
-111, 110, 1 
185, 215, 0 
189, 222, 0 
198, 218, 0 
211, -163, 2 
207, -139, 2 
211, -167, 2 
-115, 118, 1 
212, -164, 2 
-104, 141, 1 
-80, 122, 1 
162, 216, 0 
-83, 95, 1 
203, -179, 2 
191, 223, 0 
197, -154, 2 
206, -137, 2 
-103, 119, 1 
183, 103, 1 
211, -146, 2 
212, -145, 2 
219, -142, 2 
176, -267, 0 
168, 219, 0 
-101, 116, 1 
-104, 130, 1 
-104, 102, 1 
-103, 106, 1 
-74, 96, 1 
212, -144, 2 
213, -153, 2 
173, 212, 0 
210, -135, 2 
174, 207, 0 
177, 223, 0 
207, -152, 2 
183, 216, 0 
211, -144, 2 
183, 231, 0 
-128, 109, 1 
206, -178, 2 
-97, 96, 1 
-92, 110, 1 
207, -125, 2 
-84, 118, 1 
-96, 107, 1 
169, 224, 0 
198, 229, 0 
-101, 106, 1 
-98, 109, 1 
-77, 115, 1 
209, -149, 2 
-118, 112, 1 
195, -157, 2 
190, 219, 0 
165, 209, 0 
209, -143, 2 
190, 221, 0 
209, -131, 2 
193, 220, 0 
176, 224, 0 
212, -146, 2 
206, -175, 2 
206, -151, 2 
207, -149, 2 
-98, 110, 1 
-97, 121, 1 
204, -160, 2 
-98, 110, 1 
210, -132, 2 
207, -127, 2 
-116, 114, 1 
215, -142, 2 
203, -151, 2 
183, 223, 0 
-91, 115, 1 
-114, 113, 1 
174, 234, 0 
212, -150, 2 
182, 219, 0 
176, 233, 0 
161, 208, 0 
-97, 116, 1 
188, 210, 0 
177, 209, 0 
205, -190, 2 
-84, 112, 1 
218, -141, 2 
188, 227, 0 
166, 226, 0 
183, 214, 0 
-99, 103, 1 
-112, 118, 1 
215, -134, 2 
-72, 116, 1 
190, 220, 0 
-130, 108, 1 
-87, 118, 1 
209, -132, 2 
205, -129, 2 
-86, 125, 1 
-110, 109, 1 
-113, 115, 1 
165, -220, 0 
165, 218, 0 
178, 232, 0 
215, -153, 2 
-113, 109, 1 
192, 222, 0 
208, -140, 2 
-99, 104, 1 
206, -161, 2 
211, -158, 2 
215, -105, 2 
-92, 100, 1 
-109, 107, 1 
-107, 120, 1 
-102, 101, 1 
-100, 121, 1 
209, -161, 2 
-107, 110, 1 
177, 223, 0 
210, -141, 2 
181, 212, 0 
202, -159, 2 
-95, 104, 1 
173, 217, 0 
-101, 101, 1 
206, -157, 2 
204, -163, 2 
218, -156, 2 
187, 224, 0 
220, -152, 2 
172, 212, 0 
-115, 108, 1 
160, 216, 0 
-121, -152, 2 
174, 230, 0 
181, 217, 0 
-123, 99, 1 
-92, 114, 1 
172, 226, 0 
208, -154, 2 
-118, 105, 1 
209, -164, 2 
-164, -162, 2 
193, 226, 0 
174, 203, 0 
200, -166, 2 
-110, 116, 1 
-115, 97, 1 
183, 227, 0 
177, 223, 0 
214, -170, 2 
217, -122, 2 
180, 244, 0 
-108, 102, 1 
193, 220, 0 
-79, 119, 1 
-84, 102, 1 
-78, 113, 1 
135, 235, 0 
198, 214, 0 
173, 225, 0 
186, 223, 0 
-104, 117, 1 
210, -178, 2 
-103, 111, 1 
210, -148, 2 
210, -141, 2 
207, -142, 2 
171, 216, 0 
209, -168, 2 
172, 205, 0 
184, 222, 0 
208, -138, 2 
213, -156, 2 
213, -143, 2 
180, 238, 0 
181, 255, 0 
-103, 108, 1 
-86, 113, 1 
-113, 105, 1 
-123, 91, 1 
207, -138, 2 
210, -194, 2 
189, 235, 0 
213, -140, 2 
-86, 121, 1 
-92, 102, 1 
200, -172, 2 
205, -146, 2 
-107, 113, 1 
-222, 225, 0 
188, 222, 0 
164, 211, 0 
211, -158, 2 
-98, 120, 1 
183, 206, 0 
165, 240, 0 
-98, 123, 1 
185, 221, 0 
210, -165, 2 
-88, 91, 1 
286, -137, 2 
186, 225, 0 
172, 213, 0 
-122, 106, 1 
15, -157, 2 
211, -191, 2 
184, 219, 0 
187, 229, 0 
-85, 95, 1 
-102, 111, 1 
200, -157, 2 
210, -186, 2 
214, -133, 2 
207, -145, 2 
175, 214, 0 
168, 207, 0 
179, 203, 0 
213, -123, 2 
-97, 111, 1 
207, -177, 2 
-98, 105, 1 
212, -143, 2 
-68, 108, 1 
-86, 108, 1 
214, -139, 2 
219, -112, 2 
159, 246, 0 
-85, 114, 1 
166, 223, 0 
184, 217, 0 
-84, 97, 1 
189, 208, 0 
180, 229, 0 
219, -111, 2 
184, 227, 0 
-125, 118, 1 
207, -177, 2 
204, 41, 2 
-77, 101, 1 
-114, 94, 1 
193, 205, 0 
-96, 93, 1 
180, 205, 0 
207, -136, 2 
194, 216, 0 
214, -123, 2 
208, -164, 2 
188, 213, 0 
-97, 110, 1 
-104, 82, 1 
167, 210, 0 
211, -148, 2 
-103, 117, 1 
-92, 113, 1 
182, 217, 0 
-95, 120, 1 
173, 200, 0 
212, -119, 2 
203, -149, 2 
-81, 124, 1 
179, 220, 0 
211, -133, 2 
184, 213, 0 
-105, 97, 1 
195, 216, 0 
-95, 110, 1 
194, 236, 0 
189, 222, 0 
-105, 116, 1 
-101, 111, 1 
214, -146, 2 
185, 222, 0 
214, -172, 2 
180, 233, 0 
207, -115, 2 
192, 228, 0 
-91, 111, 1 
-108, 113, 1 
210, -148, 2 
163, 224, 0 
177, 209, 0 
213, -177, 2 
214, -162, 2 
-100, 100, 1 
174, 224, 0 
174, 199, 0 
211, -153, 2 
176, 212, 0 
-124, 123, 1 
190, 211, 0 
209, -78, 2 
166, 202, 0 
173, 216, 0 
169, 233, 0 
165, 215, 0 
185, 219, 0 
-128, 97, 1 
184, 222, 0 
206, -157, 2 
180, 217, 0 
213, -198, 2 
219, -137, 2 
200, -145, 2 
175, 225, 0 
191, 214, 0 
177, 231, 0 
-117, 105, 1 
-125, 104, 1 
208, -147, 2 
206, -153, 2 
178, 238, 0 
-110, 104, 1 
186, 219, 0 
215, -156, 2 
214, -163, 2 
-76, 105, 1 
190, 212, 0 
-111, 99, 1 
204, -187, 2 
207, -155, 2 
212, -132, 2 
-97, 102, 1 
178, 223, 0 
215, -156, 2 
179, 214, 0 
210, -136, 2 
206, 204, 0 
-109, 98, 1 
-106, 111, 1 
179, 235, 0 
-97, 94, 1 
206, -187, 2 
-112, 128, 1 
-97, 110, 1 
208, -151, 2 
-81, 103, 1 
171, 209, 0 
211, -120, 2 
216, -170, 2 
202, -183, 2 
-110, 127, 1 
210, -154, 2 
214, -163, 2 
175, 237, 0 
192, 218, 0 
211, -164, 2 
201, -155, 2 
-107, 114, 1 
198, -124, 2 
187, 214, 0 
-74, 121, 1 
180, 236, 0 
-97, 101, 1 
188, 215, 0 
217, -113, 2 
-101, 97, 1 
206, -125, 2 
-85, 107, 1 
187, 239, 0 
-112, 104, 1 
-111, 120, 1 
189, 214, 0 
209, -140, 2 
199, -155, 2 
169, 109, 1 
161, 210, 0 
166, 216, 0 
181, 225, 0 
215, -168, 2 
194, 214, 0 
173, 206, 0 
213, -146, 2 
211, -146, 2 
208, -124, 2 
202, -142, 2 
178, 223, 0 
203, -188, 2 
190, 243, 0 
205, 223, 0 
-93, 93, 1 
210, -149, 2 
212, -146, 2 
187, 228, 0 
207, -154, 2 
-110, 101, 1 
192, 222, 0 
18, -139, 2 
208, -167, 2 
178, 226, 0 
209, -136, 2 
-90, 107, 1 
192, 225, 0 
212, -121, 2 
-107, 116, 1 
185, 223, 0 
-89, 116, 1 
207, -124, 2 
216, -146, 2 
196, 221, 0 
-91, 112, 1 
-104, 116, 1 
203, -147, 2 
219, -159, 2 
-99, 94, 1 
-113, 119, 1 
-108, 111, 1 
198, -157, 2 
218, -155, 2 
174, 235, 0 
195, 239, 0 
-107, 104, 1 
184, 212, 0 
204, -164, 2 
-80, 103, 1 
-142, 105, 1 
-103, 126, 1 
207, -136, 2 
209, -130, 2 
-110, 105, 1 
-83, 123, 1 
-90, 113, 1 
197, 223, 0 
-102, 113, 1 
212, -174, 2 
221, -141, 2 
171, 228, 0 
189, 232, 0 
206, -155, 2 
-80, 120, 1 
210, -162, 2 
212, -145, 2 
-106, 104, 1 
163, 216, 0 
182, 221, 0 
215, -146, 2 
179, 198, 0 
-107, 99, 1 
-113, 111, 1 
-106, 106, 1 
188, 213, 0 
190, 214, 0 
175, 245, 0 
-100, 119, 1 
213, -155, 2 
-78, 117, 1 
190, 212, 0 
-95, 95, 1 
179, 215, 0 
214, -153, 2 
209, -130, 2 
-101, 128, 1 
172, 225, 0 
218, -119, 2 
-95, 111, 1 
214, -141, 2 
195, 230, 0 
205, -139, 2 
215, -108, 2 
-127, 119, 1 
208, -150, 2 
172, 209, 0 
215, -168, 2 
205, -166, 2 
209, -174, 2 
211, -148, 2 
180, 205, 0 
221, -157, 2 
180, 221, 0 
216, -203, 2 
186, 221, 0 
184, 228, 0 
206, -150, 2 
210, -145, 2 
208, -149, 2 
184, 214, 0 
178, 238, 0 
180, 225, 0 
177, 220, 0 
-97, 101, 1 
-71, 128, 1 
185, 217, 0 
177, 231, 0 
186, 214, 0 
-116, 112, 1 
211, -143, 2 
181, 240, 0 
183, 211, 0 
-77, 105, 1 
-99, 97, 1 
176, 214, 0 
207, -157, 2 
195, 220, 0 
-107, 104, 1 
-91, 115, 1 
210, -143, 2 
205, -156, 2 
210, -143, 2 
-92, 120, 1 
212, -151, 2 
175, 212, 0 
-103, 115, 1 
-98, 116, 1 
204, -171, 2 
182, 228, 0 
-104, 106, 1 
210, -123, 2 
207, -118, 2 
220, -142, 2 
211, -131, 2 
208, -110, 2 
164, 207, 0 
-107, 131, 1 
-117, 105, 1 
204, -126, 2 
-104, 115, 1 
178, 235, 0 
-105, 101, 1 
210, -155, 2 
183, 221, 0 
-92, 95, 1 
185, 209, 0 
211, -157, 2 
-98, 103, 1 
172, 213, 0 
-87, 102, 1 
-112, 125, 1 
216, -180, 2 
191, 216, 0 
-96, 89, 1 
185, 213, 0 
182, 238, 0 
208, -148, 2 
199, -150, 2 
183, 217, 0 
209, -131, 2 
180, 215, 0 
221, -139, 2 
219, -118, 2 
-118, 116, 1 
198, -136, 2 
181, 208, 0 
-113, 112, 1 
203, 234, 0 
-86, 100, 1 
186, 212, 0 
206, -186, 2 
210, -139, 2 
212, -116, 2 
209, -186, 2 
187, 222, 0 
206, -165, 2 
-87, 93, 1 
208, -147, 2 
-97, 103, 1 
218, -164, 2 
205, -185, 2 
166, 234, 0 
-94, 125, 1 
-104, 107, 1 
214, -139, 2 
214, -163, 2 
-127, 112, 1 
192, 195, 0 
163, 208, 0 
211, -135, 2 
213, -143, 2 
166, 229, 0 
-122, 111, 1 
-111, 109, 1 
220, -136, 2 
165, 235, 0 
183, 212, 0 
-118, 104, 1 
205, -139, 2 
-127, 89, 1 
209, -161, 2 
-97, 100, 1 
216, -126, 2 
169, 215, 0 
168, 208, 0 
-119, 102, 1 
-103, 101, 1 
-77, 107, 1 
212, -159, 2 
180, 213, 0 
181, 212, 0 
170, 223, 0 
183, 215, 0 
180, 203, 0 
186, 224, 0 
212, -188, 2 
-92, 114, 1 
190, 205, 0 
178, 230, 0 
-104, 135, 1 
182, 231, 0 
215, -166, 2 
209, -129, 2 
179, 211, 0 
204, -188, 2 
-88, 118, 1 
209, -135, 2 
-123, 112, 1 
212, -170, 2 
212, -130, 2 
178, 226, 0 
-91, 115, 1 
177, 237, 0 
188, 236, 0 
212, -158, 2 
166, 217, 0 
212, -140, 2 
-125, 97, 1 
-81, 116, 1 
210, -127, 2 
-91, 116, 1 
209, -161, 2 
187, 216, 0 
160, 211, 0 
208, -112, 2 
182, 215, 0 
200, 224, 0 
-96, 99, 1 
191, 120, 0 
183, 205, 0 
174, 209, 0 
177, 221, 0 
-74, 134, 1 
215, -156, 2 
182, 206, 0 
200, -170, 2 
-109, 104, 1 
211, -150, 2 
212, -168, 2 
213, -149, 2 
-84, 282, 1 
216, -123, 2 
-116, 109, 1 
-88, 99, 1 
103, -163, 2 
207, -164, 2 
210, -164, 2 
178, 206, 0 
200, 215, 0 
212, -126, 2 
-114, 121, 1 
-136, 119, 1 
209, -162, 2 
-111, 99, 1 
174, 216, 0 
-92, 121, 1 
176, 219, 0 
180, 228, 0 
-116, 87, 1 
-117, 107, 1 
-93, 116, 1 
181, 230, 0 
181, 210, 0 
178, 222, 0 
206, -150, 2 
214, -146, 2 
220, -157, 2 
188, 230, 0 
188, 232, 0 
190, 222, 0 
-93, 108, 1 
173, 223, 0 
173, 229, 0 
-136, 112, 1 
178, 214, 0 
205, -108, 2 
-85, 107, 1 
-105, 126, 1 
-63, 117, 1 
202, 224, 0 
-99, 116, 1 
217, -161, 2 
209, -141, 2 
-119, 114, 1 
213, -158, 2 
211, -151, 2 
178, 217, 0 
-66, 119, 1 
-116, 96, 1 
213, -119, 2 
218, -155, 2 
180, 202, 0 
-89, 133, 1 
176, 239, 0 
176, 210, 0 
179, 227, 0 
252, -127, 2 
223, -146, 2 
165, -117, 0 
-107, 86, 1 
-121, 112, 1 
171, 224, 0 
-90, 124, 1 
214, -200, 2 
-80, 106, 1 
208, -188, 2 
213, -176, 2 
177, 229, 0 
181, 227, 0 
-91, 117, 1 
-127, 97, 1 
206, -147, 2 
-90, 91, 1 
166, 247, 0 
-86, 107, 1 
6, 107, 1 
-112, 126, 1 
203, -147, 2 
179, 226, 0 
179, 210, 0 
212, -219, 2 
215, -152, 2 
182, 208, 0 
197, -125, 2 
203, 229, 0 
203, -162, 2 
162, 219, 0 
171, 227, 0 
207, -166, 2 
205, -129, 2 
174, 222, 0 
-104, 101, 1 
212, -186, 2 
174, 227, 0 
-87, 108, 1 
212, -165, 2 
208, -215, 2 
209, -119, 2 
183, 226, 0 
204, -138, 2 
-80, 119, 1 
175, 213, 0 
189, 28, 0 
-94, 94, 1 
194, 208, 0 
-101, 102, 1 
174, 226, 0 
216, -156, 2 
-89, 117, 1 
209, -144, 2 
212, -156, 2 
219, -153, 2 
-92, 97, 1 
206, -104, 2 
179, 215, 0 
213, -151, 2 
204, -165, 2 
218, -149, 2 
178, 232, 0 
-86, 110, 1 
203, -135, 2 
209, -145, 2 
-125, 103, 1 
-104, 126, 1 
-76, 110, 1 
-89, 107, 1 
179, 217, 0 
-77, 114, 1 
-92, 105, 1 
218, -139, 2 
216, -134, 2 
-105, 127, 1 
216, -200, 2 
173, 217, 0 
171, 191, 0 
214, -168, 2 
-96, 119, 1 
207, -184, 2 
173, 217, 0 
211, -181, 2 
186, 229, 0 
211, -165, 2 
210, -154, 2 
182, 40, 0 
-99, 100, 1 
167, 207, 0 
-90, 122, 1 
-100, 104, 1 
209, -103, 2 
-132, 97, 1 
211, -130, 2 
203, -126, 2 
183, 212, 0 
181, 214, 0 
-99, 122, 1 
215, -134, 2 
214, -140, 2 
216, -164, 2 
185, 222, 0 
179, 206, 0 
-93, 117, 1 
217, -147, 2 
171, 213, 0 
159, 227, 0 
169, 227, 0 
163, 229, 0 
165, 252, 0 
-107, 119, 1 
-95, 127, 1 
177, 223, 0 
181, 205, 0 
212, -154, 2 
218, -139, 2 
-76, 124, 1 
211, -183, 2 
-82, 90, 1 
188, 226, 0 
188, 222, 0 
-102, 106, 1 
184, 225, 0 
215, -122, 2 
-87, 116, 1 
186, 201, 0 
214, -178, 2 
214, -113, 2 
175, 225, 0 
212, -173, 2 
208, -113, 2 
-90, 118, 1 
179, 206, 0 
208, -156, 2 
215, -155, 2 
-93, 120, 1 
-91, 93, 1 
-106, 108, 1 
169, 220, 0 
-110, 108, 1 
174, 221, 0 
193, 217, 0 
189, 231, 0 
179, 214, 0 
-127, 97, 1 
192, 246, 0 
204, -172, 2 
-90, 122, 1 
212, -176, 2 
-118, 130, 1 
-90, 102, 1 
-112, 109, 1 
180, 222, 0 
-91, 100, 1 
190, 202, 0 
-105, 106, 1 
-93, 128, 1 
-109, 90, 1 
-73, 120, 1 
-111, 115, 1 
-119, 125, 1 
-105, 86, 1 
191, 210, 0 
-109, 111, 1 
179, 231, 0 
178, 234, 0 
212, -173, 2 
186, 216, 0 
188, 249, 0 
185, 233, 0 
-102, 93, 1 
-101, 115, 1 
169, 218, 0 
201, -138, 2 
190, 224, 0 
180, 214, 0 
169, 233, 0 
195, -152, 2 
176, 225, 0 
-78, 108, 1 
-97, 121, 1 
187, 208, 0 
188, 243, 0 
174, 212, 0 
191, 223, 0 
-90, 106, 1 
-103, 130, 1 
-106, 120, 1 
178, 219, 0 
203, -176, 2 
-108, 113, 1 
196, 215, 0 
213, -162, 2 
-115, 114, 1 
-78, 86, 1 
193, 209, 0 
209, -177, 2 
-84, 111, 1 
210, -146, 2 
-85, 105, 1 
-93, 118, 1 
168, 233, 0 
215, -148, 2 
-83, 104, 1 
-86, 102, 1 
176, 217, 0 
182, 210, 0 
190, 209, 0 
-110, 99, 1 
172, 203, 0 
-100, 122, 1 
206, -143, 2 
197, 207, 0 
-103, 98, 1 
185, 224, 0 
165, 198, 0 
214, -176, 2 
179, 245, 0 
-92, 106, 1 
-118, 108, 1 
171, 225, 0 
213, -152, 2 
-96, 78, 1 
198, 219, 0 
175, 205, 0 
-100, 109, 1 
-91, 115, 1 
-126, 116, 1 
192, 206, 0 
-99, -46, 1 
215, -134, 2 
215, -133, 2 
-98, 102, 1 
-118, 101, 1 
-101, 93, 1 
177, 225, 0 
215, -146, 2 
-111, 109, 1 
-60, 95, 1 
207, -126, 2 
179, 210, 0 
167, 237, 0 
-97, 91, 1 
176, 227, 0 
164, 211, 0 
222, -157, 2 
204, -146, 2 
-122, 107, 1 
170, 225, 0 
192, 236, 0 
-102, 113, 1 
215, -169, 2 
-89, 112, 1 
211, -149, 2 
180, 213, 0 
209, -151, 2 
183, 209, 0 
184, 212, 0 
209, -164, 2 
205, -128, 2 
187, 211, 0 
169, 208, 0 
184, 209, 0 
-121, 119, 1 
172, 216, 0 
-108, 131, 1 
205, -154, 2 
192, 211, 0 
213, -154, 2 
215, -150, 2 
-104, 111, 1 
-114, 123, 1 
204, -157, 2 
216, -144, 2 
214, -168, 2 
205, 213, 0 
-115, 109, 1 
-130, 108, 1 
174, 231, 0 
175, 222, 0 
189, 229, 0 
193, 228, 0 
191, 231, 0 
-112, 106, 1 
185, 232, 0 
-88, 93, 1 
184, 208, 0 
218, -160, 2 
-97, 112, 1 
216, -136, 2 
178, 226, 0 
189, 220, 0 
-98, 114, 1 
190, 201, 0 
208, -171, 2 
186, 216, 0 
178, 230, 0 
-111, 117, 1 
-133, 96, 1 
182, 219, 0 
209, -173, 2 
191, 222, 0 
206, -185, 2 
216, -144, 2 
-114, 98, 1 
-98, 120, 1 
209, -153, 2 
-101, 119, 1 
194, 202, 0 
186, 212, 0 
205, -126, 2 
23, -125, 2 
221, -167, 2 
-100, 107, 1 
204, -159, 2 
178, 208, 0 
207, -175, 2 
-118, 110, 1 
213, -148, 2 
218, -130, 2 
175, 210, 0 
-70, 105, 1 
181, 214, 0 
191, 211, 0 
-104, 98, 1 
207, -155, 2 
207, -185, 2 
192, 211, 0 
-95, 100, 1 
-94, 123, 1 
202, 225, 0 
-111, 118, 1 
-82, 97, 1 
210, -166, 2 
206, -142, 2 
178, 207, 0 
194, 222, 0 
-102, 92, 1 
214, -145, 2 
200, -137, 2 
219, -172, 2 
208, -137, 2 
-98, 98, 1 
-85, 108, 1 
-77, 95, 1 
198, -194, 2 
212, -157, 2 
181, 217, 0 
-106, 110, 1 
185, 226, 0 
148, 212, 0 
130, -179, 2 
178, 218, 0 
212, -113, 2 
201, -163, 2 
200, -163, 2 
188, 241, 0 
186, 233, 0 
167, 239, 0 
182, 216, 0 
211, -128, 2 
184, 211, 0 
-109, 116, 1 
173, 283, 0 
208, -213, 2 
181, 219, 0 
192, 229, 0 
206, -169, 2 
-128, 99, 1 
188, 221, 0 
-64, 119, 1 
204, -166, 2 
-93, 111, 1 
173, 250, 0 
-119, 105, 1 
209, -144, 2 
-123, 104, 1 
-119, 110, 1 
205, -123, 2 
184, 213, 0 
-93, 109, 1 
-105, 102, 1 
206, -161, 2 
169, 213, 0 
195, 222, 0 
-100, 111, 1 
203, -132, 2 
212, -139, 2 
167, 225, 0 
206, -150, 2 
-132, -117, 1 
166, 207, 0 
-125, 110, 1 
206, -116, 2 
-109, 102, 1 
167, 206, 0 
169, 223, 0 
-130, 107, 1 
209, -169, 2 
-110, 106, 1 
178, 245, 0 
213, -149, 2 
-99, 129, 1 
-98, 116, 1 
209, -120, 2 
183, 228, 0 
203, -118, 2 
-103, 93, 1 
172, 204, 0 
204, -134, 2 
-120, 100, 1 
-87, 118, 1 
215, -150, 2 
214, -137, 2 
206, 216, 0 
-90, 131, 1 
179, 224, 0 
168, 217, 0 
209, -162, 2 
-91, 102, 1 
205, -135, 2 
-88, 108, 1 
176, 226, 0 
204, -179, 2 
210, -157, 2 
208, -141, 2 
211, -144, 2 
194, 220, 0 
-106, 107, 1 
193, 202, 0 
-68, 103, 1 
-227, 203, 0 
176, 209, 0 
-76, 101, 1 
-111, 104, 1 
187, 228, 0 
211, -163, 2 
45, -142, 2 
166, 223, 0 
-96, 102, 1 
-86, 122, 1 
-119, 99, 1 
202, -147, 2 
212, -177, 2 
182, 209, 0 
207, -102, 2 
215, -126, 2 
172, 225, 0 
205, -146, 2 
-120, 100, 1 
179, 219, 0 
202, -137, 2 
-86, 103, 1 
-116, 103, 1 
211, -155, 2 
173, 221, 0 
-128, 99, 1 
-124, 107, 1 
177, 214, 0 
180, 211, 0 
-96, 114, 1 
-120, 112, 1 
219, -180, 2 
179, 212, 0 
208, -137, 2 
196, 227, 0 
216, -153, 2 
164, 206, 0 
-106, 110, 1 
-84, 124, 1 
211, -152, 2 
213, -146, 2 
205, -181, 2 
180, 196, 0 
-98, 111, 1 
-90, 105, 1 
173, 231, 0 
172, 209, 0 
-119, 114, 1 
211, -132, 2 
-100, 103, 1 
191, 235, 0 
179, 224, 0 
215, -146, 2 
179, 218, 0 
173, 226, 0 
-92, 106, 1 
210, -163, 2 
-110, 110, 1 
-92, 102, 1 
-98, 117, 1 
206, -98, 2 
-108, 122, 1 
190, 224, 0 
191, 226, 0 
188, 218, 0 
-96, 103, 1 
-88, 110, 1 
-83, 100, 1 
-120, 98, 1 
-95, 100, 1 
174, 211, 0 
198, 216, 0 
-126, 105, 1 
196, 216, 0 
203, 208, 0 
216, -126, 2 
-132, 93, 1 
182, 216, 0 
216, -123, 2 
210, -124, 2 
179, 232, 0 
212, -159, 2 
-102, 98, 1 
185, 213, 0 
187, 231, 0 
-116, 118, 1 
190, 225, 0 
-119, 117, 1 
-120, 100, 1 
192, 237, 0 
181, 230, 0 
197, 219, 0 
-92, 120, 1 
210, -166, 2 
207, -173, 2 
-95, 113, 1 
154, 234, 0 
210, -165, 2 
208, -148, 2 
202, -169, 2 
-98, 106, 1 
-115, 112, 1 
-97, 108, 1 
179, 222, 0 
205, -145, 2 
-105, 118, 1 
189, 223, 0 
208, -169, 2 
180, 224, 0 
201, -185, 2 
214, -136, 2 
-89, 127, 1 
165, 199, 0 
192, 202, 0 
-114, 111, 1 
175, 232, 0 
208, -158, 2 
167, 216, 0 
179, 217, 0 
197, -147, 2 
169, 222, 0 
-108, 90, 1 
-103, 93, 1 
-106, 103, 1 
150, 212, 0 
175, 240, 0 
171, 222, 0 
-102, 98, 1 
210, -151, 2 
184, 194, 0 
209, -132, 2 
208, -138, 2 
-102, 100, 1 
-104, 106, 1 
169, 208, 0 
195, 224, 0 
182, 216, 0 
-116, 118, 1 
-118, 101, 1 
175, 218, 0 
-94, 122, 1 
213, -188, 2 
208, -132, 2 
206, -164, 2 
213, -177, 2 
-87, 114, 1 
170, 237, 0 
189, 237, 0 
-101, 110, 1 
183, 207, 0 
-76, 120, 1 
211, -186, 2 
-91, 130, 1 
213, -151, 2 
168, 220, 0 
210, -119, 2 
209, -150, 2 
178, 232, 0 
-76, 115, 1 
207, -121, 2 
-91, 119, 1 
180, 227, 0 
-105, 132, 1 
174, 222, 0 
190, 218, 0 
170, 193, 0 
175, 213, 0 
183, 222, 0 
-113, 113, 1 
-98, 134, 1 
-109, 106, 1 
209, -164, 2 
-119, 121, 1 
212, -135, 2 
192, 208, 0 
176, 213, 0 
207, -147, 2 
-97, 127, 1 
219, -185, 2 
171, 234, 0 
209, -175, 2 
188, 227, 0 
-98, 114, 1 
210, -159, 2 
169, 223, 0 
216, -147, 2 
216, -124, 2 
211, -168, 2 
-85, 98, 1 
208, -137, 2 
-99, 126, 1 
202, -161, 2 
187, 207, 0 
173, 234, 0 
-99, 112, 1 
177, 216, 0 
169, 217, 0 
208, -165, 2 
210, -147, 2 
221, -182, 2 
-87, 146, 1 
181, 215, 0 
208, -143, 2 
227, -148, 2 
179, -178, 0 
217, -132, 2 
-83, 107, 1 
-85, 106, 1 
183, 214, 0 
182, 222, 0 
-119, 106, 1 
212, -145, 2 
-83, 110, 1 
-90, 110, 1 
-75, 108, 1 
-97, 132, 1 
209, -176, 2 
-114, 114, 1 
207, -175, 2 
208, -95, 2 
-96, 117, 1 
-105, 110, 1 
200, -169, 2 
207, -113, 2 
212, -139, 2 
201, -128, 2 
-84, 112, 1 
-99, 125, 1 
163, 216, 0 
-78, 92, 1 
183, 210, 0 
-105, 91, 1 
-87, 103, 1 
-89, 115, 1 
212, -137, 2 
-119, 113, 1 
210, -119, 2 
188, 227, 0 
162, 226, 0 
-76, 122, 1 
179, 228, 0 
206, -172, 2 
171, 217, 0 
183, 217, 0 
-82, 98, 1 
-91, 102, 1 
204, -166, 2 
220, -160, 2 
219, -177, 2 
-91, 104, 1 
169, 220, 0 
-94, 114, 1 
212, -147, 2 
175, 210, 0 
-90, 112, 1 
174, 219, 0 
180, 230, 0 
216, -156, 2 
-91, 118, 1 
35, 110, 1 
202, -140, 2 
207, -128, 2 
-131, 120, 1 
202, -135, 2 
184, 219, 0 
-115, 123, 1 
283, 119, 1 
177, 209, 0 
186, 223, 0 
194, 217, 0 
-116, 123, 1 
213, -159, 2 
-124, 116, 1 
216, -174, 2 
171, 219, 0 
-87, 108, 1 
183, 205, 0 
209, -146, 2 
-103, 114, 1 
200, -116, 2 
212, -155, 2 
-107, 95, 1 
206, -151, 2 
165, 213, 0 
-70, 100, 1 
210, -190, 2 
179, 232, 0 
210, -117, 2 
179, 224, 0 
181, 207, 0 
182, 224, 0 
-77, 114, 1 
-77, 122, 1 
202, 228, 0 
206, -190, 2 
172, 223, 0 
-94, 113, 1 
-97, 101, 1 
-250, 221, 0 
171, 197, 0 
-110, 117, 1 
209, -148, 2 
221, -292, 2 
177, 218, 0 
-86, 120, 1 
184, 209, 0 
211, -148, 2 
208, -117, 2 
-116, 121, 1 
182, 226, 0 
-63, 110, 1 
177, -69, 0 
215, -150, 2 
213, -158, 2 
186, 245, 0 
195, 221, 0 
210, -142, 2 
-84, 101, 1 
206, -136, 2 
-96, 113, 1 
187, 206, 0 
-104, 114, 1 
191, 210, 0 
182, 220, 0 
182, 220, 0 
-73, 118, 1 
161, 215, 0 
170, 228, 0 
-83, 94, 1 
-90, 116, 1 
-103, 123, 1 
211, -158, 2 
-116, 127, 1 
216, -118, 2 
-91, 116, 1 
-107, 104, 1 
175, 239, 0 
179, 220, 0 
-113, 113, 1 
211, -162, 2 
212, -129, 2 
220, -123, 2 
210, -153, 2 
-101, 112, 1 
173, 212, 0 
207, -120, 2 
206, -101, 2 
184, 214, 0 
-103, 101, 1 
-82, 116, 1 
-90, 120, 1 
193, 230, 0 
-105, 108, 1 
214, -152, 2 
-87, 130, 1 
177, 221, 0 
-84, 120, 1 
-97, 103, 1 
-90, 119, 1 
174, 212, 0 
210, -132, 2 
181, 226, 0 
211, -133, 2 
184, 226, 0 
176, 214, 0 
-104, 101, 1 
-119, 107, 1 
189, 230, 0 
-105, 114, 1 
-92, 120, 1 
206, -140, 2 
-97, 127, 1 
-103, 124, 1 
208, -125, 2 
216, -143, 2 
211, -114, 2 
-91, 116, 1 
221, -197, 2 
209, -175, 2 
216, -151, 2 
171, 230, 0 
174, 233, 0 
-88, 117, 1 
175, 208, 0 
215, -151, 2 
168, 203, 0 
211, -133, 2 
-120, 115, 1 
189, 231, 0 
177, 219, 0 
212, -169, 2 
192, 219, 0 
-75, 111, 1 
210, -97, 2 
184, 229, 0 
178, 226, 0 
189, 208, 0 
201, 223, 0 
217, -129, 2 
178, 219, 0 
181, 218, 0 
-76, 106, 1 
177, 230, 0 
-101, 115, 1 
-88, 116, 1 
-82, 114, 1 
159, 223, 0 
217, -154, 2 
-107, 100, 1 
204, -140, 2 
-98, 98, 1 
170, 218, 0 
201, -159, 2 
-116, 89, 1 
-84, 102, 1 
185, 213, 0 
-88, 114, 1 
212, -146, 2 
-101, 108, 1 
179, 209, 0 
215, 268, 2 
-75, 267, 1 
-117, 116, 1 
197, 225, 0 
180, 212, 0 
207, -154, 2 
196, 212, 0 
181, -99, 0 
-113, 114, 1 
-130, 109, 1 
-83, 109, 1 
-120, 91, 1 
-93, 121, 1 
-106, 99, 1 
179, 226, 0 
-90, 113, 1 
61, -171, 2 
183, 206, 0 
205, -134, 2 
-116, 111, 1 
-84, 127, 1 
205, -173, 2 
209, -159, 2 
-114, 131, 1 
183, 226, 0 
210, -164, 2 
210, -154, 2 
-102, 100, 1 
196, 214, 0 
217, -124, 2 
182, 219, 0 
215, -131, 2 
174, 230, 0 
197, -168, 2 
-15, -160, 2 
184, 231, 0 
213, -147, 2 
-106, 105, 1 
186, 222, 0 
-103, 125, 1 
-108, 110, 1 
186, 225, 0 
209, -153, 2 
205, -85, 2 
210, -154, 2 
186, 220, 0 
-128, 116, 1 
187, 211, 0 
-124, 110, 1 
162, 239, 0 
185, 217, 0 
-126, 123, 1 
-97, 114, 1 
204, 215, 0 
179, 230, 0 
209, -145, 2 
174, 232, 0 
219, -135, 2 
190, 223, 0 
-131, 106, 1 
-104, 117, 1 
184, 212, 0 
165, 218, 0 
197, -160, 2 
208, -151, 2 
-118, 101, 1 
-100, 98, 1 
-91, 123, 1 
209, -183, 2 
-103, 105, 1 
178, 215, 0 
208, -176, 2 
-93, 118, 1 
208, -149, 2 
183, 207, 0 
-95, 119, 1 
180, 221, 0 
174, 222, 0 
176, 212, 0 
216, -162, 2 
185, 210, 0 
-100, 102, 1 
-109, 126, 1 
216, -143, 2 
183, 220, 0 
-114, 118, 1 
183, 201, 0 
204, -142, 2 
218, -154, 2 
216, -158, 2 
184, 209, 0 
-114, 135, 1 
-108, 93, 1 
210, -154, 2 
206, -182, 2 
-99, 118, 1 
-90, 110, 1 
-75, 99, 1 
207, -102, 2 
213, -119, 2 
168, 219, 0 
-94, 118, 1 
206, -158, 2 
194, 216, 0 
179, 219, 0 
203, -159, 2 
-126, 103, 1 
211, -144, 2 
177, 225, 0 
-93, 114, 1 
207, -148, 2 
165, 217, 0 
184, 215, 0 
180, 222, 0 
-110, 107, 1 
191, 210, 0 
-80, 94, 1 
194, 223, 0 
210, -150, 2 
173, 229, 0 
207, -140, 2 
-83, 102, 1 
220, -150, 2 
-137, 111, 1 
215, -172, 2 
210, -100, 2 
203, -153, 2 
169, 214, 0 
-78, 110, 1 
192, 215, 0 
173, 229, 0 
174, 221, 0 
207, -161, 2 
-122, 132, 1 
207, -154, 2 
211, -146, 2 
214, -166, 2 
175, 242, 0 
-88, 104, 1 
220, -149, 2 
182, 224, 0 
176, 210, 0 
-91, 127, 1 
206, -169, 2 
-87, 113, 1 
-114, 118, 1 
185, 237, 0 
-73, 128, 1 
213, -140, 2 
-87, 98, 1 
176, 227, 0 
208, -161, 2 
-97, 119, 1 
-80, 99, 1 
-110, 92, 1 
-86, 102, 1 
-117, 115, 1 
-91, 98, 1 
172, 237, 0 
190, 229, 0 
171, 222, 0 
180, 212, 0 
206, -149, 2 
176, 215, 0 
171, 227, 0 
206, -195, 2 
-106, 106, 1 
183, 213, 0 
203, -147, 2 
-119, 97, 1 
213, -123, 2 
204, 1, 2 
179, 204, 0 
183, 224, 0 
206, -147, 2 
-117, 108, 1 
-123, 108, 1 
-105, 108, 1 
214, -150, 2 
210, -158, 2 
-106, 121, 1 
174, 210, 0 
214, -173, 2 
214, -178, 2 
206, -146, 2 
222, 235, 0 
-103, 92, 1 
-114, 111, 1 
186, 221, 0 
200, -125, 2 
-115, 108, 1 
213, -187, 2 
-118, 124, 1 
-95, 122, 1 
210, -157, 2 
-94, 115, 1 
177, 228, 0 
210, -163, 2 
175, 227, 0 
-97, 127, 1 
196, 219, 0 
181, 234, 0 
195, 225, 0 
207, -141, 2 
203, -139, 2 
187, 207, 0 
187, 209, 0 
-87, 118, 1 
190, 226, 0 
-110, 117, 1 
176, 217, 0 
-87, 115, 1 
214, -131, 2 
203, -166, 2 
174, 219, 0 
-84, 111, 1 
-101, 94, 1 
195, 203, 0 
176, 210, 0 
186, 204, 0 
212, -168, 2 
216, -153, 2 
-101, 105, 1 
197, -114, 2 
-103, 107, 1 
205, -144, 2 
214, -149, 2 
173, 223, 0 
220, -125, 2 
175, 211, 0 
211, -151, 2 
-111, 107, 1 
207, -134, 2 
199, 233, 0 
-70, 127, 1 
209, -162, 2 
217, -170, 2 
178, 204, 0 
200, -134, 2 
207, -139, 2 
194, 224, 0 
-115, 121, 1 
169, 223, 0 
-82, 113, 1 
206, -136, 2 
177, 226, 0 
173, 205, 0 
-112, 120, 1 
214, -141, 2 
-126, 122, 1 
188, 211, 0 
-106, 123, 1 
-83, 103, 1 
186, 217, 0 
215, -134, 2 
178, 220, 0 
-80, 104, 1 
188, 229, 0 
-79, 99, 1 
210, -152, 2 
-128, 121, 1 
167, 225, 0 
175, 224, 0 
-89, 114, 1 
163, 220, 0 
168, 205, 0 
219, -163, 2 
181, 223, 0 
-104, 108, 1 
177, 211, 0 
207, -142, 2 
218, -126, 2 
-88, 117, 1 
-93, 129, 1 
162, 208, 0 
-116, 113, 1 
207, -162, 2 
-107, 111, 1 
210, -151, 2 
294, -174, 2 
173, 215, 0 
210, -154, 2 
-95, 99, 1 
-83, 102, 1 
177, 214, 0 
-119, 114, 1 
213, -162, 2 
180, 226, 0 
-76, 108, 1 
207, -136, 2 
215, -151, 2 
-76, 100, 1 
-84, 114, 1 
177, 217, 0 
207, -140, 2 
-119, 116, 1 
-102, 120, 1 
-102, 123, 1 
210, -144, 2 
205, -164, 2 
-89, 114, 1 
-78, 135, 1 
-71, 118, 1 
-85, 103, 1 
209, -151, 2 
210, -158, 2 
196, 221, 0 
188, 233, 0 
161, 228, 0 
205, -159, 2 
190, 223, 0 
-108, 109, 1 
213, -155, 2 
-99, 108, 1 
176, 238, 0 
-80, 120, 1 
205, -140, 2 
211, -150, 2 
-96, 102, 1 
170, 222, 0 
204, -180, 2 
-121, 95, 1 
166, 204, 0 
-114, 101, 1 
201, -136, 2 
185, 219, 0 
-110, -148, 1 
179, 211, 0 
187, 228, 0 
218, -168, 2 
193, 232, 0 
214, -194, 2 
-108, 122, 1 
-117, 97, 1 
-98, 112, 1 
-119, 113, 1 
183, 226, 0 
-111, 101, 1 
213, -151, 2 
-85, 102, 1 
-80, 114, 1 
193, 208, 0 
169, 215, 0 
-68, 117, 1 
210, -140, 2 
213, -128, 2 
208, -166, 2 
-120, 122, 1 
-125, 108, 1 
185, 227, 0 
215, -165, 2 
205, -123, 2 
205, -131, 2 
-99, 116, 1 
-93, 121, 1 
177, 232, 0 
-62, 116, 1 
220, -169, 2 
-94, 119, 1 
177, 230, 0 
-102, 128, 1 
215, -174, 2 
-82, 111, 1 
186, 220, 0 
-97, 129, 1 
209, -171, 2 
182, 222, 0 
212, -74, 2 
206, -142, 2 
197, 204, 0 
220, -142, 2 
185, -150, 2 
-101, 110, 1 
-101, 118, 1 
195, 229, 0 
172, 225, 0 
184, 208, 0 
-93, 108, 1 
206, -93, 2 
210, -126, 2 
215, -179, 2 
-103, 99, 1 
207, -209, 2 
209, -148, 2 
178, 223, 0 
212, -157, 2 
187, 239, 0 
208, -117, 2 
206, -163, 2 
182, 230, 0 
199, -167, 2 
-104, 115, 1 
204, -165, 2 
-99, 98, 1 
191, 232, 0 
173, 212, 0 
214, -132, 2 
4, -157, 2 
171, 213, 0 
211, -205, 2 
171, 210, 0 
-99, 113, 1 
178, 215, 0 
-75, 114, 1 
191, 225, 0 
194, 202, 0 
181, 225, 0 
172, 234, 0 
-93, 97, 1 
213, -170, 2 
-90, 101, 1 
-85, 126, 1 
193, 215, 0 
-113, 90, 1 
210, -115, 2 
-82, 107, 1 
203, -183, 2 
177, 195, 0 
193, 219, 0 
205, -145, 2 
183, 228, 0 
-85, 120, 1 
179, 207, 0 
216, -128, 2 
212, -158, 2 
205, -152, 2 
-114, 96, 1 
-70, 101, 1 
-92, 117, 1 
189, 194, 0 
183, 223, 0 
206, -163, 2 
218, -147, 2 
175, 211, 0 
-104, 131, 1 
-117, 108, 1 
-70, 110, 1 
208, -144, 2 
-119, 100, 1 
-101, 111, 1 
-80, 96, 1 
207, -129, 2 
210, -141, 2 
-123, -150, 2 
187, 244, 0 
214, -137, 2 
-113, 108, 1 
215, -139, 2 
-87, 102, 1 
218, -165, 2 
184, 227, 0 
192, 231, 0 
-123, 104, 1 
177, -203, 0 
212, -175, 2 
205, -130, 2 
213, -141, 2 
176, 216, 0 
-87, 107, 1 
-80, 128, 1 
-109, 101, 1 
172, 209, 0 
195, 226, 0 
207, -131, 2 
212, -150, 2 
185, 219, 0 
217, -178, 2 
192, 212, 0 
-96, 123, 1 
175, 217, 0 
175, 221, 0 
206, -151, 2 
206, -161, 2 
207, -147, 2 
-80, 131, 1 
173, 201, 0 
-113, 111, 1 
212, -168, 2 
170, 221, 0 
199, 212, 0 
207, -170, 2 
197, 219, 0 
-107, 115, 1 
177, 215, 0 
187, 208, 0 
207, 223, 0 
162, 220, 0 
-97, 102, 1 
216, -142, 2 
187, 224, 0 
202, -132, 2 
-84, 100, 1 
205, -172, 2 
-118, 116, 1 
188, 231, 0 
199, -135, 2 
162, 241, 0 
184, 213, 0 
173, 208, 0 
-85, 210, 0 
189, 204, 0 
186, 217, 0 
-101, 100, 1 
-86, 103, 1 
-112, 128, 1 
207, -183, 2 
-114, 119, 1 
214, -135, 2 
-82, 122, 1 
183, 210, 0 
225, -132, 2 
182, 227, 0 
212, -158, 2 
-83, 98, 1 
187, 226, 0 
202, -193, 2 
208, -141, 2 
-98, 133, 1 
208, -125, 2 
218, -131, 2 
186, 229, 0 
-67, 92, 1 
208, -166, 2 
-100, 126, 1 
215, -173, 2 
205, -156, 2 
214, -270, 0 
211, -152, 2 
209, -150, 2 
206, -112, 2 
210, -149, 2 
212, -138, 2 
180, 217, 0 
209, -158, 2 
-115, 119, 1 
-97, 115, 1 
169, 216, 0 
209, -171, 2 
212, -133, 2 
172, 225, 0 
-89, 99, 1 
-74, 122, 1 
183, 209, 0 
182, 235, 0 
-102, 118, 1 
203, 212, 0 
204, -117, 2 
177, 216, 0 
-81, 131, 1 
-89, 117, 1 
-94, 106, 1 
214, -178, 2 
-117, 124, 1 
209, -113, 2 
-76, -292, 1 
201, -129, 2 
180, 220, 0 
162, 227, 0 
181, 223, 0 
-96, 119, 1 
-77, 125, 1 
-95, 117, 1 
-96, 124, 1 
183, 196, 0 
195, 224, 0 
206, -147, 2 
184, 234, 0 
181, 226, 0 
-98, 106, 1 
-34, 236, 0 
162, 225, 0 
192, 221, 0 
210, -138, 2 
202, -159, 2 
172, 229, 0 
-109, 107, 1 
-102, 116, 1 
218, -107, 2 
168, 220, 0 
-99, 113, 1 
188, 213, 0 
206, -133, 2 
-80, 119, 1 
-104, 118, 1 
208, -122, 2 
171, 218, 0 
54, 231, 0 
-111, 136, 1 
212, -144, 2 
215, -121, 2 
-107, 127, 1 
204, -205, 2 
-118, 101, 1 
186, 230, 0 
184, 220, 0 
185, 228, 0 
-81, 115, 1 
-107, 115, 1 
210, -147, 2 
166, 218, 0 
-93, 93, 1 
182, 217, 0 
185, 208, 0 
-102, 116, 1 
204, -160, 2 
213, -117, 2 
211, -153, 2 
183, 209, 0 
208, -173, 2 
208, -143, 2 
213, -157, 2 
-82, 103, 1 
187, 220, 0 
213, -167, 2 
-117, 94, 1 
-88, 109, 1 
177, 221, 0 
158, 206, 0 
209, -154, 2 
-73, 81, 1 
178, 206, 0 
-109, 113, 1 
-67, 108, 1 
212, -149, 2 
213, -147, 2 
214, -127, 2 
-98, 103, 1 
-76, 115, 1 
-80, 106, 1 
175, 218, 0 
213, -173, 2 
190, 217, 0 
210, -163, 2 
164, 218, 0 
212, -125, 2 
189, 214, 0 
208, -192, 2 
179, 238, 0 
-92, 99, 1 
-107, 103, 1 
-91, 101, 1 
215, -160, 2 
-95, 110, 1 
210, -153, 2 
205, -147, 2 
-88, 127, 1 
-79, 117, 1 
187, 234, 0 
167, 225, 0 
208, -184, 2 
206, -162, 2 
208, -149, 2 
-93, 101, 1 
-86, 118, 1 
163, 220, 0 
-87, 113, 1 
-107, 86, 1 
-98, 113, 1 
175, 225, 0 
184, 232, 0 
-97, 107, 1 
210, -122, 2 
222, -143, 2 
-99, 108, 1 
218, -154, 2 
212, -153, 2 
184, 240, 0 
208, -150, 2 
215, -165, 2 
-98, 83, 1 
198, 208, 0 
189, 225, 0 
-100, 102, 1 
204, -135, 2 
213, -163, 2 
-88, 91, 1 
-112, 93, 1 
-74, 111, 1 
-95, 105, 1 
-116, 95, 1 
-105, 109, 1 
178, 212, 0 
176, 217, 0 
-130, 105, 1 
209, -136, 2 
-95, 112, 1 
189, 215, 0 
209, -139, 2 
-89, 110, 1 
214, -160, 2 
196, -145, 2 
175, 221, 0 
189, 200, 0 
184, 232, 0 
208, -148, 2 
224, -118, 2 
185, 229, 0 
-102, 107, 1 
178, 225, 0 
174, 233, 0 
-113, 107, 1 
173, 201, 0 
206, -148, 2 
-95, 123, 1 
213, -132, 2 
178, 220, 0 
170, 208, 0 
197, 240, 0 
170, 220, 0 
210, -147, 2 
206, -153, 2 
205, -112, 2 
178, 216, 0 
171, 205, 0 
-90, 96, 1 
182, 217, 0 
212, -169, 2 
-88, 114, 1 
-100, 111, 1 
181, 217, 0 
-82, 112, 1 
208, -129, 2 
187, 220, 0 
-91, 91, 1 
161, 214, 0 
176, 242, 0 
206, -184, 2 
-93, 136, 1 
213, -154, 2 
186, 219, 0 
189, 236, 0 
-87, 87, 1 
205, -118, 2 
-119, 126, 1 
-84, 103, 1 
194, 221, 0 
212, -179, 2 
271, -166, 2 
174, 216, 0 
-111, 106, 1 
170, 216, 0 
211, -132, 2 
-116, 116, 1 
206, -121, 2 
175, 206, 0 
164, 240, 0 
176, 223, 0 
209, -138, 2 
219, -149, 2 
217, -188, 2 
216, -188, 2 
207, -142, 2 
193, 232, 0 
207, -162, 2 
206, -175, 2 
205, -171, 2 
-74, 127, 1 
208, -124, 2 
182, 220, 0 
165, 212, 0 
187, 234, 0 
214, -164, 2 
179, 221, 0 
178, 219, 0 
184, 217, 0 
-100, 109, 1 
179, 223, 0 
-109, 116, 1 
214, -181, 2 
170, 217, 0 
210, -168, 2 
196, 213, 0 
203, -133, 2 
-96, 121, 1 
-127, 107, 1 
220, -138, 2 
-105, 135, 1 
-99, 113, 1 
164, 225, 0 
-108, 111, 1 
-105, 119, 1 
214, -126, 2 
196, 227, 0 
173, 209, 0 
195, 207, 0 
161, 238, 0 
176, 224, 0 
-101, 114, 1 
167, 213, 0 
211, -130, 2 
212, -164, 2 
212, -155, 2 
185, 215, 0 
183, 221, 0 
-103, 91, 1 
-117, 109, 1 
176, 208, 0 
-113, 109, 1 
181, 207, 0 
185, 228, 0 
-87, 101, 1 
-118, 113, 1 
209, -168, 2 
208, -145, 2 
210, -128, 2 
-96, -272, 1 
-90, 123, 1 
216, -133, 2 
188, 228, 0 
190, 228, 0 
-124, 104, 1 
181, 222, 0 
-103, 101, 1 
205, -174, 2 
-108, 119, 1 
195, 209, 0 
211, -159, 2 
210, -126, 2 
172, 216, 0 
-90, 103, 1 
196, 212, 0 
202, -177, 2 
-97, 119, 1 
173, 224, 0 
-94, 110, 1 
186, 197, 0 
212, -164, 2 
190, 213, 0 
181, 228, 0 
-102, 110, 1 
-92, 103, 1 
177, 235, 0 
156, 220, 0 
209, -167, 2 
-106, 110, 1 
177, 209, 0 
-107, 128, 1 
201, 237, 0 
169, 209, 0 
178, 224, 0 
186, 217, 0 
192, -131, 2 
-97, 102, 1 
189, 236, 0 
185, 236, 0 
-96, 110, 1 
-121, 99, 1 
183, -284, 0 
-82, 124, 1 
-117, 101, 1 
172, 222, 0 
-80, 123, 1 
190, 220, 0 
207, -169, 2 
-110, 109, 1 
-94, 111, 1 
176, 226, 0 
-101, 123, 1 
189, 225, 0 
-114, 120, 1 
172, 223, 0 
-67, 106, 1 
206, -151, 2 
213, -145, 2 
-112, 98, 1 
175, 227, 0 
177, 231, 0 
-88, 122, 1 
178, 226, 0 
-95, 103, 1 
-117, 100, 1 
-121, 116, 1 
177, 223, 0 
212, -173, 2 
186, 235, 0 
187, 222, 0 
-100, 108, 1 
-97, 118, 1 
-89, 113, 1 
-71, 121, 1 
178, 221, 0 
203, -136, 2 
200, -139, 2 
-100, 107, 1 
213, -172, 2 
-95, 112, 1 
204, -172, 2 
203, -162, 2 
-105, 106, 1 
-86, 109, 1 
-98, 98, 1 
207, -167, 2 
-104, 122, 1 
-108, 109, 1 
-92, 98, 1 
202, -126, 2 
214, -151, 2 
203, -153, 2 
211, -160, 2 
208, -144, 2 
-114, 103, 1 
210, -146, 2 
181, 217, 0 
211, -165, 2 
-87, 127, 1 
172, 218, 0 
-167, -172, 2 
-80, 118, 1 
184, 214, 0 
208, -140, 2 
214, -171, 2 
168, 218, 0 
205, -121, 2 
-136, 99, 1 
179, 238, 0 
165, 216, 0 
179, 226, 0 
183, 223, 0 
-101, 107, 1 
186, 223, 0 
191, -133, 2 
-100, 104, 1 
189, 241, 0 
202, -162, 2 
-94, 104, 1 
211, -135, 2 
201, -145, 2 
177, 230, 0 
211, -153, 2 
-99, 123, 1 
192, 216, 0 
181, 212, 0 
193, 211, 0 
212, -146, 2 
173, 239, 0 
191, 221, 0 
-101, 128, 1 
215, -117, 2 
212, -162, 2 
-102, 118, 1 
176, 228, 0 
168, 224, 0 
151, -135, 2 
191, 216, 0 
-92, 104, 1 
207, -150, 2 
207, -161, 2 
